title,linkn,imgurl,category
"COSCO 20"" x 48"" Vinyl Top Folding Table, Black",https://www.amazon.com/COSCO-Vinyl-Folding-Table-1-pack/dp/B00SY2RA7M/ref=sr_1_1?dib=eyJ2IjoiMSJ9.7gJZ6b_cC-Txt5aqauDzpfXzUvUL7EKs7wB52XxM6Qi3JrWdMDntLyI-oxKCZwdkE1uobyRO80seeg7Ht5Od8VWlMtrOyT-VMe9Dvty9dKq3UVRXu7QJ-JI_Z7g2KMKCizfdIwiRBlQcSZLhWoRmCwVvWKP4cuy-RJ_KlkaXHGB7AvPZxOTsV5Xwzy8NG-BqnpajWd4i_mgNgEfQyhTlAfbM-Rl3AIJsREW9s_LlDmjKH47el8rXxMkemMuW6LD-pL37BG_X0PouJHgzeucRi4iAdS61MFOtmqW3BUTXgHA.rEFi717PUhKE3h2cVVTXsX0PxmWo2GUyHl861stoFq8&dib_tag=se&keywords=table&qid=1718609964&sr=8-1,https://m.media-amazon.com/images/I/41CWXgRuGCL.__AC_SX300_SY300_QL70_ML2_.jpg,table
"STATESVILLE 32 inch Small Computer Desk Writing Study Work Office Table Modern Simple with Storage Bag and Hook for Home Bedroom, Rustic Brown",https://www.amazon.com/STATESVILLE-Computer-Writing-Storage-Bedroom/dp/B0CW96N5XY/ref=sr_1_2?dib=eyJ2IjoiMSJ9.7gJZ6b_cC-Txt5aqauDzpfXzUvUL7EKs7wB52XxM6Qi3JrWdMDntLyI-oxKCZwdkE1uobyRO80seeg7Ht5Od8VWlMtrOyT-VMe9Dvty9dKq3UVRXu7QJ-JI_Z7g2KMKCizfdIwiRBlQcSZLhWoRmCwVvWKP4cuy-RJ_KlkaXHGB7AvPZxOTsV5Xwzy8NG-BqnpajWd4i_mgNgEfQyhTlAfbM-Rl3AIJsREW9s_LlDmjKH47el8rXxMkemMuW6LD-pL37BG_X0PouJHgzeucRi4iAdS61MFOtmqW3BUTXgHA.rEFi717PUhKE3h2cVVTXsX0PxmWo2GUyHl861stoFq8&dib_tag=se&keywords=table&qid=1718609964&sr=8-2,https://m.media-amazon.com/images/I/71d1vJF9ogL.__AC_SX300_SY300_QL70_ML2_.jpg,table
Sweetcrispy Computer Desk - Office 48 Inch Writing Work Student Study Modern Simple Style Wooden Table with Storage Bag & Iron Hook for Home Bedroom - Rustic Brown,https://www.amazon.com/Sweetcrispy-Computer-Desk-Writing-StyleWooden/dp/B0CK6HBHX3/ref=sr_1_3?dib=eyJ2IjoiMSJ9.7gJZ6b_cC-Txt5aqauDzpfXzUvUL7EKs7wB52XxM6Qi3JrWdMDntLyI-oxKCZwdkE1uobyRO80seeg7Ht5Od8VWlMtrOyT-VMe9Dvty9dKq3UVRXu7QJ-JI_Z7g2KMKCizfdIwiRBlQcSZLhWoRmCwVvWKP4cuy-RJ_KlkaXHGB7AvPZxOTsV5Xwzy8NG-BqnpajWd4i_mgNgEfQyhTlAfbM-Rl3AIJsREW9s_LlDmjKH47el8rXxMkemMuW6LD-pL37BG_X0PouJHgzeucRi4iAdS61MFOtmqW3BUTXgHA.rEFi717PUhKE3h2cVVTXsX0PxmWo2GUyHl861stoFq8&dib_tag=se&keywords=table&qid=1718609964&sr=8-3,https://m.media-amazon.com/images/I/71NKoc198YL.__AC_SY300_SX300_QL70_ML2_.jpg,table
"Bush Furniture Key West Computer Desk with Storage | Farmhouse PC Table for Home Office, 54W, Pure White Oak",https://www.amazon.com/sspa/click?ie=UTF8&spc=MTozNTYxMjM5OTk2OTY5MDcwOjE3MTg2MDk5NjU6c3Bfc2VhcmNoX3RoZW1hdGljOjMwMDA2MDc3Njk5NzQwMjo6MTo6&url=%2FBush-Furniture-Computer-Storage-White%2Fdp%2FB081ZPM759%2Fref%3Dsxin_13_pa_sp_search_thematic_sspa%3Fcontent-id%3Damzn1.sym.89653796-64aa-4b40-a655-9c0a18bc0b9f%253Aamzn1.sym.89653796-64aa-4b40-a655-9c0a18bc0b9f%26cv_ct_cx%3Dtable%26dib%3DeyJ2IjoiMSJ9.7l7SZyweB69tcpoDR44nThG2JDdFLyj5P-vkdKWLCTNbTptwkNUnxt_kjBpEEISvxGuxvXsYA1G8Hb6XZdq1Rw.fqZ5tdDwpnnac_SUK91R1m68SGuitSP3RT0u69E8V9Q%26dib_tag%3Dse%26keywords%3Dtable%26pd_rd_i%3DB081ZPM759%26pd_rd_r%3Dbe1d791a-44e3-4f07-8cf7-e2f26f055e05%26pd_rd_w%3DVTXcE%26pd_rd_wg%3D4qmhl%26pf_rd_p%3D89653796-64aa-4b40-a655-9c0a18bc0b9f%26pf_rd_r%3DZHSGM4VS7EJYJ8RG994J%26qid%3D1718609964%26sbo%3DRZvfv%252F%252FHxDF%252BO5021pAnSA%253D%253D%26sr%3D1-2-2c727eeb-987f-452f-86bd-c2978cc9d8b9-spons%26sp_csd%3Dd2lkZ2V0TmFtZT1zcF9zZWFyY2hfdGhlbWF0aWM%26psc%3D1,https://m.media-amazon.com/images/I/61ZN5uLfS9L.__AC_SX300_SY300_QL70_ML2_.jpg,table
"Bush Furniture Key West Writing Table for Home Office | Small Modern Farmhouse Desk, 48W, Bing Cherry",https://www.amazon.com/sspa/click?ie=UTF8&spc=MTozNTYxMjM5OTk2OTY5MDcwOjE3MTg2MDk5NjU6c3Bfc2VhcmNoX3RoZW1hdGljOjMwMDA2MDc3Njk5NjkwMjo6Mzo6&url=%2FBush-Furniture-West-Writing-Cherry%2Fdp%2FB079YF1PFY%2Fref%3Dsxin_13_pa_sp_search_thematic_sspa%3Fcontent-id%3Damzn1.sym.89653796-64aa-4b40-a655-9c0a18bc0b9f%253Aamzn1.sym.89653796-64aa-4b40-a655-9c0a18bc0b9f%26cv_ct_cx%3Dtable%26dib%3DeyJ2IjoiMSJ9.7l7SZyweB69tcpoDR44nThG2JDdFLyj5P-vkdKWLCTNbTptwkNUnxt_kjBpEEISvxGuxvXsYA1G8Hb6XZdq1Rw.fqZ5tdDwpnnac_SUK91R1m68SGuitSP3RT0u69E8V9Q%26dib_tag%3Dse%26keywords%3Dtable%26pd_rd_i%3DB079YF1PFY%26pd_rd_r%3Dbe1d791a-44e3-4f07-8cf7-e2f26f055e05%26pd_rd_w%3DVTXcE%26pd_rd_wg%3D4qmhl%26pf_rd_p%3D89653796-64aa-4b40-a655-9c0a18bc0b9f%26pf_rd_r%3DZHSGM4VS7EJYJ8RG994J%26qid%3D1718609964%26sbo%3DRZvfv%252F%252FHxDF%252BO5021pAnSA%253D%253D%26sr%3D1-4-2c727eeb-987f-452f-86bd-c2978cc9d8b9-spons%26sp_csd%3Dd2lkZ2V0TmFtZT1zcF9zZWFyY2hfdGhlbWF0aWM%26psc%3D1,https://m.media-amazon.com/images/I/61gEECnIQOL.__AC_SX300_SY300_QL70_ML2_.jpg,table
"PayLessHere 39 inches Computer Desk, Modern Writing Desk, Simple Study Table, Industrial Office Desk, Sturdy Laptop Table for Home Office, Brown",https://www.amazon.com/PayLessHere-39-inches-Computer-Desk/dp/B0D1FQRZSB/ref=sr_1_4?dib=eyJ2IjoiMSJ9.7gJZ6b_cC-Txt5aqauDzpfXzUvUL7EKs7wB52XxM6Qi3JrWdMDntLyI-oxKCZwdkE1uobyRO80seeg7Ht5Od8VWlMtrOyT-VMe9Dvty9dKq3UVRXu7QJ-JI_Z7g2KMKCizfdIwiRBlQcSZLhWoRmCwVvWKP4cuy-RJ_KlkaXHGB7AvPZxOTsV5Xwzy8NG-BqnpajWd4i_mgNgEfQyhTlAfbM-Rl3AIJsREW9s_LlDmjKH47el8rXxMkemMuW6LD-pL37BG_X0PouJHgzeucRi4iAdS61MFOtmqW3BUTXgHA.rEFi717PUhKE3h2cVVTXsX0PxmWo2GUyHl861stoFq8&dib_tag=se&keywords=table&qid=1718609964&sr=8-4,https://m.media-amazon.com/images/I/61CiMOmT-tL.__AC_SX300_SY300_QL70_ML2_.jpg,table
"Furinno Just 3-Tier Turn-N-Tube End Table / Side Table / Night Stand / Bedside Table with Plastic Poles, 1-Pack, Americano/Black",https://www.amazon.com/Furinno-Turn-N-Tube-Bedside-Plastic-Americano/dp/B07HG5Q8TP/ref=sr_1_9?dib=eyJ2IjoiMSJ9.7gJZ6b_cC-Txt5aqauDzpfXzUvUL7EKs7wB52XxM6Qi3JrWdMDntLyI-oxKCZwdkE1uobyRO80seeg7Ht5Od8VWlMtrOyT-VMe9Dvty9dKq3UVRXu7QJ-JI_Z7g2KMKCizfdIwiRBlQcSZLhWoRmCwVvWKP4cuy-RJ_KlkaXHGB7AvPZxOTsV5Xwzy8NG-BqnpajWd4i_mgNgEfQyhTlAfbM-Rl3AIJsREW9s_LlDmjKH47el8rXxMkemMuW6LD-pL37BG_X0PouJHgzeucRi4iAdS61MFOtmqW3BUTXgHA.rEFi717PUhKE3h2cVVTXsX0PxmWo2GUyHl861stoFq8&dib_tag=se&keywords=table&qid=1718609964&sr=8-9,https://m.media-amazon.com/images/I/61aHo1SsS2L.__AC_SX300_SY300_QL70_ML2_.jpg,table
DUMOS 32 Inch Office Small Computer Desk Modern Simple Style Writing Study Work Table for Home Bedroom,https://www.amazon.com/DUMOS-Office-Computer-Writing-Bedroom/dp/B0CM3G4FJF/ref=sr_1_11?dib=eyJ2IjoiMSJ9.7gJZ6b_cC-Txt5aqauDzpfXzUvUL7EKs7wB52XxM6Qi3JrWdMDntLyI-oxKCZwdkE1uobyRO80seeg7Ht5Od8VWlMtrOyT-VMe9Dvty9dKq3UVRXu7QJ-JI_Z7g2KMKCizfdIwiRBlQcSZLhWoRmCwVvWKP4cuy-RJ_KlkaXHGB7AvPZxOTsV5Xwzy8NG-BqnpajWd4i_mgNgEfQyhTlAfbM-Rl3AIJsREW9s_LlDmjKH47el8rXxMkemMuW6LD-pL37BG_X0PouJHgzeucRi4iAdS61MFOtmqW3BUTXgHA.rEFi717PUhKE3h2cVVTXsX0PxmWo2GUyHl861stoFq8&dib_tag=se&keywords=table&qid=1718609964&sr=8-11,https://m.media-amazon.com/images/I/51LLAO8TFuL.__AC_SX300_SY300_QL70_ML2_.jpg,table
"HOOBRO Side Table, 3-Tier Narrow End Table, Nightstand with 2 Flat or Slant Adjustable Shelves for Small Spaces, Hallway, Living Room, Bedroom, Sturdy, Easy Assembly, Greige and Black BG23BZ01G1",https://www.amazon.com/HOOBRO-Nightstand-Adjustable-Assembly-BG23BZ01/dp/B08ZKB38L1/ref=sr_1_12?dib=eyJ2IjoiMSJ9.7gJZ6b_cC-Txt5aqauDzpfXzUvUL7EKs7wB52XxM6Qi3JrWdMDntLyI-oxKCZwdkE1uobyRO80seeg7Ht5Od8VWlMtrOyT-VMe9Dvty9dKq3UVRXu7QJ-JI_Z7g2KMKCizfdIwiRBlQcSZLhWoRmCwVvWKP4cuy-RJ_KlkaXHGB7AvPZxOTsV5Xwzy8NG-BqnpajWd4i_mgNgEfQyhTlAfbM-Rl3AIJsREW9s_LlDmjKH47el8rXxMkemMuW6LD-pL37BG_X0PouJHgzeucRi4iAdS61MFOtmqW3BUTXgHA.rEFi717PUhKE3h2cVVTXsX0PxmWo2GUyHl861stoFq8&dib_tag=se&keywords=table&qid=1718609964&sr=8-12,https://m.media-amazon.com/images/I/71dLfRcfU5L.__AC_SX300_SY300_QL70_ML2_.jpg,table
"Fixwal Side Table 3-Tier Small End Table, Sofa Table Nightstand for Living Room, Bedroom, Office, Rustic Brown and Black",https://www.amazon.com/Fixwal-Nightstand-Bedroom-Garden%EF%BC%8COffice-Frame%EF%BC%8CRustic/dp/B0CB3KVLBF/ref=sr_1_14?dib=eyJ2IjoiMSJ9.7gJZ6b_cC-Txt5aqauDzpfXzUvUL7EKs7wB52XxM6Qi3JrWdMDntLyI-oxKCZwdkE1uobyRO80seeg7Ht5Od8VWlMtrOyT-VMe9Dvty9dKq3UVRXu7QJ-JI_Z7g2KMKCizfdIwiRBlQcSZLhWoRmCwVvWKP4cuy-RJ_KlkaXHGB7AvPZxOTsV5Xwzy8NG-BqnpajWd4i_mgNgEfQyhTlAfbM-Rl3AIJsREW9s_LlDmjKH47el8rXxMkemMuW6LD-pL37BG_X0PouJHgzeucRi4iAdS61MFOtmqW3BUTXgHA.rEFi717PUhKE3h2cVVTXsX0PxmWo2GUyHl861stoFq8&dib_tag=se&keywords=table&qid=1718609964&sr=8-14,https://m.media-amazon.com/images/I/71DnfHLBbCL.__AC_SX300_SY300_QL70_ML2_.jpg,table
"SHW Home Office 32-Inch Computer Desk, Black",https://www.amazon.com/SHW-Office-32-Inch-Computer-Black/dp/B09HJFV688/ref=sr_1_15?dib=eyJ2IjoiMSJ9.7gJZ6b_cC-Txt5aqauDzpfXzUvUL7EKs7wB52XxM6Qi3JrWdMDntLyI-oxKCZwdkE1uobyRO80seeg7Ht5Od8VWlMtrOyT-VMe9Dvty9dKq3UVRXu7QJ-JI_Z7g2KMKCizfdIwiRBlQcSZLhWoRmCwVvWKP4cuy-RJ_KlkaXHGB7AvPZxOTsV5Xwzy8NG-BqnpajWd4i_mgNgEfQyhTlAfbM-Rl3AIJsREW9s_LlDmjKH47el8rXxMkemMuW6LD-pL37BG_X0PouJHgzeucRi4iAdS61MFOtmqW3BUTXgHA.rEFi717PUhKE3h2cVVTXsX0PxmWo2GUyHl861stoFq8&dib_tag=se&keywords=table&qid=1718609964&sr=8-15,https://m.media-amazon.com/images/I/41wT18b9nJL.__AC_SX300_SY300_QL70_ML2_.jpg,table
"SUPER DEAL 6FT Folding Picnic Table for Outdoor, Portable Fold-in-Half Plastic Dining Picnic Party Table with Carrying Handle",https://www.amazon.com/SUPER-DEAL-Folding-Portable-Carrying/dp/B08DKXWN6P/ref=sr_1_16?dib=eyJ2IjoiMSJ9.7gJZ6b_cC-Txt5aqauDzpfXzUvUL7EKs7wB52XxM6Qi3JrWdMDntLyI-oxKCZwdkE1uobyRO80seeg7Ht5Od8VWlMtrOyT-VMe9Dvty9dKq3UVRXu7QJ-JI_Z7g2KMKCizfdIwiRBlQcSZLhWoRmCwVvWKP4cuy-RJ_KlkaXHGB7AvPZxOTsV5Xwzy8NG-BqnpajWd4i_mgNgEfQyhTlAfbM-Rl3AIJsREW9s_LlDmjKH47el8rXxMkemMuW6LD-pL37BG_X0PouJHgzeucRi4iAdS61MFOtmqW3BUTXgHA.rEFi717PUhKE3h2cVVTXsX0PxmWo2GUyHl861stoFq8&dib_tag=se&keywords=table&qid=1718609964&sr=8-16,https://m.media-amazon.com/images/I/61fld9SJjFL.__AC_SX300_SY300_QL70_ML2_.jpg,table
"HOOBRO Narrow Console Table, 29.5"" Small Entryway Table, Thin Sofa Table, Side Table, Display Table, for Hallway, Bedroom, Living Room, Foyer, Rustic Brown and Black BF75XG01",https://www.amazon.com/HOOBRO-Console-Table-BF75XG01/dp/B09NL1RH4D/ref=sr_1_19?dib=eyJ2IjoiMSJ9.7gJZ6b_cC-Txt5aqauDzpfXzUvUL7EKs7wB52XxM6Qi3JrWdMDntLyI-oxKCZwdkE1uobyRO80seeg7Ht5Od8VWlMtrOyT-VMe9Dvty9dKq3UVRXu7QJ-JI_Z7g2KMKCizfdIwiRBlQcSZLhWoRmCwVvWKP4cuy-RJ_KlkaXHGB7AvPZxOTsV5Xwzy8NG-BqnpajWd4i_mgNgEfQyhTlAfbM-Rl3AIJsREW9s_LlDmjKH47el8rXxMkemMuW6LD-pL37BG_X0PouJHgzeucRi4iAdS61MFOtmqW3BUTXgHA.rEFi717PUhKE3h2cVVTXsX0PxmWo2GUyHl861stoFq8&dib_tag=se&keywords=table&qid=1718609964&sr=8-19,https://m.media-amazon.com/images/I/61OXyw4xkhL.__AC_SX300_SY300_QL70_ML2_.jpg,table
"LIDYUK End Table with Charging Station, Flip Top Side Table with USB Ports and Outlets, Nightstand for Small Spaces, Bedside Tables with Storage Shelf for Living Room, Bedroom, Brown",https://www.amazon.com/LIDYUK-Charging-Station-Outlets-Nightstand/dp/B09FJJJ2S5/ref=sr_1_22?dib=eyJ2IjoiMSJ9.7gJZ6b_cC-Txt5aqauDzpfXzUvUL7EKs7wB52XxM6Qi3JrWdMDntLyI-oxKCZwdkE1uobyRO80seeg7Ht5Od8VWlMtrOyT-VMe9Dvty9dKq3UVRXu7QJ-JI_Z7g2KMKCizfdIwiRBlQcSZLhWoRmCwVvWKP4cuy-RJ_KlkaXHGB7AvPZxOTsV5Xwzy8NG-BqnpajWd4i_mgNgEfQyhTlAfbM-Rl3AIJsREW9s_LlDmjKH47el8rXxMkemMuW6LD-pL37BG_X0PouJHgzeucRi4iAdS61MFOtmqW3BUTXgHA.rEFi717PUhKE3h2cVVTXsX0PxmWo2GUyHl861stoFq8&dib_tag=se&keywords=table&qid=1718609964&sr=8-22,https://m.media-amazon.com/images/I/71Wdu7uxrDL.__AC_SX300_SY300_QL70_ML2_.jpg,table
"HOOBRO 29.5"" Narrow Console Table with 2 Fabric Drawers, Small Entryway Table with 2-Tier Storage Shelves, Thin Sofa Table, Side Table, for Living Room, Hallway, Rustic Brown and Black BF71XG01",https://www.amazon.com/HOOBRO-Console-Table-Entryway-BF71XG01/dp/B0CK195P4V/ref=sr_1_30?dib=eyJ2IjoiMSJ9.7gJZ6b_cC-Txt5aqauDzpfXzUvUL7EKs7wB52XxM6Qi3JrWdMDntLyI-oxKCZwdkE1uobyRO80seeg7Ht5Od8VWlMtrOyT-VMe9Dvty9dKq3UVRXu7QJ-JI_Z7g2KMKCizfdIwiRBlQcSZLhWoRmCwVvWKP4cuy-RJ_KlkaXHGB7AvPZxOTsV5Xwzy8NG-BqnpajWd4i_mgNgEfQyhTlAfbM-Rl3AIJsREW9s_LlDmjKH47el8rXxMkemMuW6LD-pL37BG_X0PouJHgzeucRi4iAdS61MFOtmqW3BUTXgHA.rEFi717PUhKE3h2cVVTXsX0PxmWo2GUyHl861stoFq8&dib_tag=se&keywords=table&qid=1718609964&sr=8-30,https://m.media-amazon.com/images/I/71cwZwGgGxL.__AC_SX300_SY300_QL70_ML2_.jpg,table
"Sofa Table, Industrial Console Table, 3-Tier Narrow Side Table with Open Shelves, Foyer Table for Entryway, Hallway, Kitchen, Living Room and Bedroom, Easy Assembly, Rustic Brown CTHR8001Z",https://www.amazon.com/MAHANCRIS-Table-Industrial-Console-CTHR8001Z/dp/B0BYSF63GV/ref=sr_1_33?dib=eyJ2IjoiMSJ9.7gJZ6b_cC-Txt5aqauDzpfXzUvUL7EKs7wB52XxM6Qi3JrWdMDntLyI-oxKCZwdkE1uobyRO80seeg7Ht5Od8VWlMtrOyT-VMe9Dvty9dKq3UVRXu7QJ-JI_Z7g2KMKCizfdIwiRBlQcSZLhWoRmCwVvWKP4cuy-RJ_KlkaXHGB7AvPZxOTsV5Xwzy8NG-BqnpajWd4i_mgNgEfQyhTlAfbM-Rl3AIJsREW9s_LlDmjKH47el8rXxMkemMuW6LD-pL37BG_X0PouJHgzeucRi4iAdS61MFOtmqW3BUTXgHA.rEFi717PUhKE3h2cVVTXsX0PxmWo2GUyHl861stoFq8&dib_tag=se&keywords=table&qid=1718609964&sr=8-33,https://m.media-amazon.com/images/I/71NCdvmgWcL.__AC_SX300_SY300_QL70_ML2_.jpg,table
"BALEINE End Table with Charging Station and 2 USB Ports, C Table Storage Shelves, Couch Side Table for Living Room, Bedroom (Rustic Brown)",https://www.amazon.com/BALEINE-Charging-Station-Storage-Shelves/dp/B0CDB1JGSG/ref=sr_1_34?dib=eyJ2IjoiMSJ9.7gJZ6b_cC-Txt5aqauDzpfXzUvUL7EKs7wB52XxM6Qi3JrWdMDntLyI-oxKCZwdkE1uobyRO80seeg7Ht5Od8VWlMtrOyT-VMe9Dvty9dKq3UVRXu7QJ-JI_Z7g2KMKCizfdIwiRBlQcSZLhWoRmCwVvWKP4cuy-RJ_KlkaXHGB7AvPZxOTsV5Xwzy8NG-BqnpajWd4i_mgNgEfQyhTlAfbM-Rl3AIJsREW9s_LlDmjKH47el8rXxMkemMuW6LD-pL37BG_X0PouJHgzeucRi4iAdS61MFOtmqW3BUTXgHA.rEFi717PUhKE3h2cVVTXsX0PxmWo2GUyHl861stoFq8&dib_tag=se&keywords=table&qid=1718609964&sr=8-34,https://m.media-amazon.com/images/I/61895-toFTL.__AC_SX300_SY300_QL70_ML2_.jpg,table
"Computer Desk, 54 Inch Office Desk, Gaming Desk with Storage, Writing Desk Work Desk for Home Office, Study, Modern Simple Desk, Large Legroom, Metal Frame, Rustic Brown",https://www.amazon.com/Huuger-Computer-Storage-Writing-Legroom/dp/B0CS3K9CWC/ref=sr_1_36?dib=eyJ2IjoiMSJ9.7gJZ6b_cC-Txt5aqauDzpfXzUvUL7EKs7wB52XxM6Qi3JrWdMDntLyI-oxKCZwdkE1uobyRO80seeg7Ht5Od8VWlMtrOyT-VMe9Dvty9dKq3UVRXu7QJ-JI_Z7g2KMKCizfdIwiRBlQcSZLhWoRmCwVvWKP4cuy-RJ_KlkaXHGB7AvPZxOTsV5Xwzy8NG-BqnpajWd4i_mgNgEfQyhTlAfbM-Rl3AIJsREW9s_LlDmjKH47el8rXxMkemMuW6LD-pL37BG_X0PouJHgzeucRi4iAdS61MFOtmqW3BUTXgHA.rEFi717PUhKE3h2cVVTXsX0PxmWo2GUyHl861stoFq8&dib_tag=se&keywords=table&qid=1718609964&sr=8-36,https://m.media-amazon.com/images/I/71w-hg1rKCL.__AC_SY300_SX300_QL70_ML2_.jpg,table
"3-Tier Tall End Table, Narrow Night Stand with #-Design Sturdy Frame, Small Bed Side Table for Small Space in Living Room,Bedroom,Office,Bathroom(Brown)",https://www.amazon.com/GIOTORENT-3-Tier-Design-Bedroom-Bathroom/dp/B0CCDHPPYV/ref=sr_1_41?dib=eyJ2IjoiMSJ9.7gJZ6b_cC-Txt5aqauDzpfXzUvUL7EKs7wB52XxM6Qi3JrWdMDntLyI-oxKCZwdkE1uobyRO80seeg7Ht5Od8VWlMtrOyT-VMe9Dvty9dKq3UVRXu7QJ-JI_Z7g2KMKCizfdIwiRBlQcSZLhWoRmCwVvWKP4cuy-RJ_KlkaXHGB7AvPZxOTsV5Xwzy8NG-BqnpajWd4i_mgNgEfQyhTlAfbM-Rl3AIJsREW9s_LlDmjKH47el8rXxMkemMuW6LD-pL37BG_X0PouJHgzeucRi4iAdS61MFOtmqW3BUTXgHA.rEFi717PUhKE3h2cVVTXsX0PxmWo2GUyHl861stoFq8&dib_tag=se&keywords=table&qid=1718609964&sr=8-41,https://m.media-amazon.com/images/I/71Aedwt2V8L.__AC_SX300_SY300_QL70_ML2_.jpg,table
Cocktail Fitted Spandex Stretch Square Table Covers Caps Elastic Square Tablecloth Black Table Topper 34x34 Inch,https://www.amazon.com/Monibana-Cocktail-Spandex-Stretch-Tablecloth/dp/B09BLWX9ZN/ref=sr_1_42?dib=eyJ2IjoiMSJ9.7gJZ6b_cC-Txt5aqauDzpfXzUvUL7EKs7wB52XxM6Qi3JrWdMDntLyI-oxKCZwdkE1uobyRO80seeg7Ht5Od8VWlMtrOyT-VMe9Dvty9dKq3UVRXu7QJ-JI_Z7g2KMKCizfdIwiRBlQcSZLhWoRmCwVvWKP4cuy-RJ_KlkaXHGB7AvPZxOTsV5Xwzy8NG-BqnpajWd4i_mgNgEfQyhTlAfbM-Rl3AIJsREW9s_LlDmjKH47el8rXxMkemMuW6LD-pL37BG_X0PouJHgzeucRi4iAdS61MFOtmqW3BUTXgHA.rEFi717PUhKE3h2cVVTXsX0PxmWo2GUyHl861stoFq8&dib_tag=se&keywords=table&qid=1718609964&sr=8-42,https://m.media-amazon.com/images/I/61rL-AExxHL.__AC_SX300_SY300_QL70_ML2_.jpg,table
"Folding Table 4ft Heavy Duty Folding Tables Indoor Outdoor Plastic Dining Table Portable Folding Square Card Table w/Handle for Picnic, Party, Camping (4 FT)",https://www.amazon.com/HYMnature-Folding-Outdoor-Plastic-Portable/dp/B0CRB6XWNH/ref=sr_1_47?dib=eyJ2IjoiMSJ9.7gJZ6b_cC-Txt5aqauDzpfXzUvUL7EKs7wB52XxM6Qi3JrWdMDntLyI-oxKCZwdkE1uobyRO80seeg7Ht5Od8VWlMtrOyT-VMe9Dvty9dKq3UVRXu7QJ-JI_Z7g2KMKCizfdIwiRBlQcSZLhWoRmCwVvWKP4cuy-RJ_KlkaXHGB7AvPZxOTsV5Xwzy8NG-BqnpajWd4i_mgNgEfQyhTlAfbM-Rl3AIJsREW9s_LlDmjKH47el8rXxMkemMuW6LD-pL37BG_X0PouJHgzeucRi4iAdS61MFOtmqW3BUTXgHA.rEFi717PUhKE3h2cVVTXsX0PxmWo2GUyHl861stoFq8&dib_tag=se&keywords=table&qid=1718609964&sr=8-47,https://m.media-amazon.com/images/I/51UZT+KA+rL._AC_SY300_SX300_.jpg,table
"Console Table, Narrow Sofa Table, 43.3” Entrance Table with Power Station, Behind Couch Table, Simple Style, for Living Room, Hallway, Entryway, Foyer, Greige and Black CTHG112E01",https://www.amazon.com/MAHANCRIS-Console-Entrance-Entryway-CTHG112E01/dp/B0C4F7HP2Z/ref=sr_1_48?dib=eyJ2IjoiMSJ9.7gJZ6b_cC-Txt5aqauDzpfXzUvUL7EKs7wB52XxM6Qi3JrWdMDntLyI-oxKCZwdkE1uobyRO80seeg7Ht5Od8VWlMtrOyT-VMe9Dvty9dKq3UVRXu7QJ-JI_Z7g2KMKCizfdIwiRBlQcSZLhWoRmCwVvWKP4cuy-RJ_KlkaXHGB7AvPZxOTsV5Xwzy8NG-BqnpajWd4i_mgNgEfQyhTlAfbM-Rl3AIJsREW9s_LlDmjKH47el8rXxMkemMuW6LD-pL37BG_X0PouJHgzeucRi4iAdS61MFOtmqW3BUTXgHA.rEFi717PUhKE3h2cVVTXsX0PxmWo2GUyHl861stoFq8&dib_tag=se&keywords=table&qid=1718609964&sr=8-48,https://m.media-amazon.com/images/I/61doIGAGhjL.__AC_SX300_SY300_QL70_ML2_.jpg,table
"Industrial 33"" Narrow Console Table, Sofa Table for Entryway, Couch Table, Entrance Side Table for Hallway, Living Room, Foyer, Corridor, Bedroom, Rustic Brown and Black",https://www.amazon.com/Tigerden-Industrial-Entryway-Entrance-Corridor/dp/B0CCXPMMBW/ref=sr_1_51?dib=eyJ2IjoiMSJ9.EAB80q4egnYFM6cjhgAMzQymKsKSsJ9RycZAbdEBbYPiOfaw_8artC2ucqa_qdudlvnrB3meo_m06IPupQz7G1304I0frFigPpu1bpR5buA_ljSmi8XrN4Xz97fHHb4GWXnThbY2QgcbpFoV84C1jb8l6cl9Ok_8Dm1cumZrF4XQW38tOTxMg-y6wCoQTRliK7jj-T2CIY-TcHClIZrDr1XgGWevb54v-IfVx583BdP9lSZjmS1F7ew1roydlOfy6lwT4eUhS2siJMicGE1r5lfsKcTCx4Hp4P2Cky50mCg.kluOQuG0GfsciqBomi_AuMkaBftzt6d8ZCs5LWbidAw&dib_tag=se&keywords=table&qid=1718609966&sr=8-51,https://m.media-amazon.com/images/I/51+1+KPUHvL._AC_SY300_SX300_.jpg,table
"Iceberg IndestrucTable Classic Personal Folding Table, Heavy Duty Utility Table, Adjustable Height, Charcoal, 19.5” L x 30” W x 28"" H",https://www.amazon.com/Iceberg-65491-Indestructible-Personal-Charcoal/dp/B018245UXC/ref=sr_1_53?dib=eyJ2IjoiMSJ9.EAB80q4egnYFM6cjhgAMzQymKsKSsJ9RycZAbdEBbYPiOfaw_8artC2ucqa_qdudlvnrB3meo_m06IPupQz7G1304I0frFigPpu1bpR5buA_ljSmi8XrN4Xz97fHHb4GWXnThbY2QgcbpFoV84C1jb8l6cl9Ok_8Dm1cumZrF4XQW38tOTxMg-y6wCoQTRliK7jj-T2CIY-TcHClIZrDr1XgGWevb54v-IfVx583BdP9lSZjmS1F7ew1roydlOfy6lwT4eUhS2siJMicGE1r5lfsKcTCx4Hp4P2Cky50mCg.kluOQuG0GfsciqBomi_AuMkaBftzt6d8ZCs5LWbidAw&dib_tag=se&keywords=table&qid=1718609966&sr=8-53,https://m.media-amazon.com/images/I/41wQbxqMXUL._SY445_SX342_QL70_ML2_.jpg,table
"OLIXIS Coffee Tables, Small Coffee Table with Storage Shelf and Hidden Compartment, Modern Wood Lift Top Coffee Table for Living Room, Office, Reception Room (Rust Brown)",https://www.amazon.com/OLIXIS-Coffee-Storage-Compartment-Reception/dp/B0CGLF5F1J/ref=sr_1_54?dib=eyJ2IjoiMSJ9.EAB80q4egnYFM6cjhgAMzQymKsKSsJ9RycZAbdEBbYPiOfaw_8artC2ucqa_qdudlvnrB3meo_m06IPupQz7G1304I0frFigPpu1bpR5buA_ljSmi8XrN4Xz97fHHb4GWXnThbY2QgcbpFoV84C1jb8l6cl9Ok_8Dm1cumZrF4XQW38tOTxMg-y6wCoQTRliK7jj-T2CIY-TcHClIZrDr1XgGWevb54v-IfVx583BdP9lSZjmS1F7ew1roydlOfy6lwT4eUhS2siJMicGE1r5lfsKcTCx4Hp4P2Cky50mCg.kluOQuG0GfsciqBomi_AuMkaBftzt6d8ZCs5LWbidAw&dib_tag=se&keywords=table&qid=1718609966&sr=8-54,https://m.media-amazon.com/images/I/81WeJ37mUaL.__AC_SX300_SY300_QL70_ML2_.jpg,table
"Fixwal End Table with Charging Station, Flip Top Side Table with USB Ports and Outlets, Narrow Nightstand Sofa Couch Table Bedside Table for Living Room Bedroom, Rustic Brown",https://www.amazon.com/Fixwal-Charging-Station-Outlets-Nightstand/dp/B0CC5PP25B/ref=sr_1_56?dib=eyJ2IjoiMSJ9.EAB80q4egnYFM6cjhgAMzQymKsKSsJ9RycZAbdEBbYPiOfaw_8artC2ucqa_qdudlvnrB3meo_m06IPupQz7G1304I0frFigPpu1bpR5buA_ljSmi8XrN4Xz97fHHb4GWXnThbY2QgcbpFoV84C1jb8l6cl9Ok_8Dm1cumZrF4XQW38tOTxMg-y6wCoQTRliK7jj-T2CIY-TcHClIZrDr1XgGWevb54v-IfVx583BdP9lSZjmS1F7ew1roydlOfy6lwT4eUhS2siJMicGE1r5lfsKcTCx4Hp4P2Cky50mCg.kluOQuG0GfsciqBomi_AuMkaBftzt6d8ZCs5LWbidAw&dib_tag=se&keywords=table&qid=1718609966&sr=8-56,https://m.media-amazon.com/images/I/71dQL-6-cFL.__AC_SX300_SY300_QL70_ML2_.jpg,table
"LORYERGO TV Tray - TV Table, Folding Table Trays, w/6 Height & 3 Tilt Angle, w/Cup Holder, Dinner Tray for Eating on Couch, Laptop, Bed & Couch",https://www.amazon.com/LORYERGO-Tray-Table-Adjustable-Multifunctional/dp/B088DB5V13/ref=sr_1_57?dib=eyJ2IjoiMSJ9.EAB80q4egnYFM6cjhgAMzQymKsKSsJ9RycZAbdEBbYPiOfaw_8artC2ucqa_qdudlvnrB3meo_m06IPupQz7G1304I0frFigPpu1bpR5buA_ljSmi8XrN4Xz97fHHb4GWXnThbY2QgcbpFoV84C1jb8l6cl9Ok_8Dm1cumZrF4XQW38tOTxMg-y6wCoQTRliK7jj-T2CIY-TcHClIZrDr1XgGWevb54v-IfVx583BdP9lSZjmS1F7ew1roydlOfy6lwT4eUhS2siJMicGE1r5lfsKcTCx4Hp4P2Cky50mCg.kluOQuG0GfsciqBomi_AuMkaBftzt6d8ZCs5LWbidAw&dib_tag=se&keywords=table&qid=1718609966&sr=8-57,https://m.media-amazon.com/images/I/61SdXvxE-pS.__AC_SX300_SY300_QL70_ML2_.jpg,table
"2 Pack 6FT Table Cloth for Rectangular Fitted Events Stretch Black Table Covers Washable Table Cover Spandex Tablecloth Table Protector for Party, Wedding, Cocktail, Banquet, Festival",https://www.amazon.com/IVAPUPU-Tablecloth-Rectangular-Reusable-Tradeshows/dp/B0B56J7ZH8/ref=sr_1_59?dib=eyJ2IjoiMSJ9.EAB80q4egnYFM6cjhgAMzQymKsKSsJ9RycZAbdEBbYPiOfaw_8artC2ucqa_qdudlvnrB3meo_m06IPupQz7G1304I0frFigPpu1bpR5buA_ljSmi8XrN4Xz97fHHb4GWXnThbY2QgcbpFoV84C1jb8l6cl9Ok_8Dm1cumZrF4XQW38tOTxMg-y6wCoQTRliK7jj-T2CIY-TcHClIZrDr1XgGWevb54v-IfVx583BdP9lSZjmS1F7ew1roydlOfy6lwT4eUhS2siJMicGE1r5lfsKcTCx4Hp4P2Cky50mCg.kluOQuG0GfsciqBomi_AuMkaBftzt6d8ZCs5LWbidAw&dib_tag=se&keywords=table&qid=1718609966&sr=8-59,https://m.media-amazon.com/images/I/51aFF02ZgBL.__AC_SX300_SY300_QL70_ML2_.jpg,table
"Hoctieon Industrial Console Table, 3 Tier Entryway Table, Hallway Table, Narrow Sofa Table with Shelves, Entrance Table for Entryway, Living Room, Foyer, Hallway, Office, Rustic Brown&Black",https://www.amazon.com/Hoctieon-Industrial-Console-Entryway-Entrance/dp/B0B6CCD1C1/ref=sr_1_62?dib=eyJ2IjoiMSJ9.EAB80q4egnYFM6cjhgAMzQymKsKSsJ9RycZAbdEBbYPiOfaw_8artC2ucqa_qdudlvnrB3meo_m06IPupQz7G1304I0frFigPpu1bpR5buA_ljSmi8XrN4Xz97fHHb4GWXnThbY2QgcbpFoV84C1jb8l6cl9Ok_8Dm1cumZrF4XQW38tOTxMg-y6wCoQTRliK7jj-T2CIY-TcHClIZrDr1XgGWevb54v-IfVx583BdP9lSZjmS1F7ew1roydlOfy6lwT4eUhS2siJMicGE1r5lfsKcTCx4Hp4P2Cky50mCg.kluOQuG0GfsciqBomi_AuMkaBftzt6d8ZCs5LWbidAw&dib_tag=se&keywords=table&qid=1718609966&sr=8-62,https://m.media-amazon.com/images/I/817i-zyTIoL.__AC_SX300_SY300_QL70_ML2_.jpg,table
"Convenience Concepts Northfield Hall Console Desk Table, 48(L) x 15.5(W) x 28""(H), Black",https://www.amazon.com/Convenience-Concepts-Northfield-Console-Table/dp/B0151PJL76/ref=sr_1_64?dib=eyJ2IjoiMSJ9.EAB80q4egnYFM6cjhgAMzQymKsKSsJ9RycZAbdEBbYPiOfaw_8artC2ucqa_qdudlvnrB3meo_m06IPupQz7G1304I0frFigPpu1bpR5buA_ljSmi8XrN4Xz97fHHb4GWXnThbY2QgcbpFoV84C1jb8l6cl9Ok_8Dm1cumZrF4XQW38tOTxMg-y6wCoQTRliK7jj-T2CIY-TcHClIZrDr1XgGWevb54v-IfVx583BdP9lSZjmS1F7ew1roydlOfy6lwT4eUhS2siJMicGE1r5lfsKcTCx4Hp4P2Cky50mCg.kluOQuG0GfsciqBomi_AuMkaBftzt6d8ZCs5LWbidAw&dib_tag=se&keywords=table&qid=1718609966&sr=8-64,https://m.media-amazon.com/images/I/61rRNkPVdNL.__AC_SY300_SX300_QL70_ML2_.jpg,table
"Drink Table, Small Pedestal Side Table, Round Cocktail Table, Accent End Table with Metal Base, for Small Spaces, Brown & Black",https://www.amazon.com/KJGKK-Drink-Pedestal-Cocktail-Accent/dp/B0D1V8ZP23/ref=sr_1_67?dib=eyJ2IjoiMSJ9.EAB80q4egnYFM6cjhgAMzQymKsKSsJ9RycZAbdEBbYPiOfaw_8artC2ucqa_qdudlvnrB3meo_m06IPupQz7G1304I0frFigPpu1bpR5buA_ljSmi8XrN4Xz97fHHb4GWXnThbY2QgcbpFoV84C1jb8l6cl9Ok_8Dm1cumZrF4XQW38tOTxMg-y6wCoQTRliK7jj-T2CIY-TcHClIZrDr1XgGWevb54v-IfVx583BdP9lSZjmS1F7ew1roydlOfy6lwT4eUhS2siJMicGE1r5lfsKcTCx4Hp4P2Cky50mCg.kluOQuG0GfsciqBomi_AuMkaBftzt6d8ZCs5LWbidAw&dib_tag=se&keywords=table&qid=1718609966&sr=8-67,https://m.media-amazon.com/images/I/51txlHdfIdL.__AC_SX300_SY300_QL70_ML2_.jpg,table
EKNITEY 2 Tier End Table - Metal Side Table Waterproof Small Sofa Coffee Side Tables Bedroom Indoor Outdoor with Removable Tray for Living Room Bedroom Balcony and Office (Black),https://www.amazon.com/EKNITEY-Tier-End-Table-Waterproof/dp/B0BB7FYVT6/ref=sr_1_68?dib=eyJ2IjoiMSJ9.EAB80q4egnYFM6cjhgAMzQymKsKSsJ9RycZAbdEBbYPiOfaw_8artC2ucqa_qdudlvnrB3meo_m06IPupQz7G1304I0frFigPpu1bpR5buA_ljSmi8XrN4Xz97fHHb4GWXnThbY2QgcbpFoV84C1jb8l6cl9Ok_8Dm1cumZrF4XQW38tOTxMg-y6wCoQTRliK7jj-T2CIY-TcHClIZrDr1XgGWevb54v-IfVx583BdP9lSZjmS1F7ew1roydlOfy6lwT4eUhS2siJMicGE1r5lfsKcTCx4Hp4P2Cky50mCg.kluOQuG0GfsciqBomi_AuMkaBftzt6d8ZCs5LWbidAw&dib_tag=se&keywords=table&qid=1718609966&sr=8-68,https://m.media-amazon.com/images/I/61TcxIPm8YL.__AC_SX300_SY300_QL70_ML2_.jpg,table
"HOOBRO Narrow End Table with Charging Station, Side Table with Ladder Shelf for Small Spaces, Nightstand with Outlet and USB Ports, Bedside Table for Living Room, Rustic Brown and Black BF123UBZ01",https://www.amazon.com/HOOBRO-Narrow-End-Table-BF123UBZ01/dp/B0CWRDT3RF/ref=sr_1_69?dib=eyJ2IjoiMSJ9.EAB80q4egnYFM6cjhgAMzQymKsKSsJ9RycZAbdEBbYPiOfaw_8artC2ucqa_qdudlvnrB3meo_m06IPupQz7G1304I0frFigPpu1bpR5buA_ljSmi8XrN4Xz97fHHb4GWXnThbY2QgcbpFoV84C1jb8l6cl9Ok_8Dm1cumZrF4XQW38tOTxMg-y6wCoQTRliK7jj-T2CIY-TcHClIZrDr1XgGWevb54v-IfVx583BdP9lSZjmS1F7ew1roydlOfy6lwT4eUhS2siJMicGE1r5lfsKcTCx4Hp4P2Cky50mCg.kluOQuG0GfsciqBomi_AuMkaBftzt6d8ZCs5LWbidAw&dib_tag=se&keywords=table&qid=1718609966&sr=8-69,https://m.media-amazon.com/images/I/715ZWjHOiPL.__AC_SX300_SY300_QL70_ML2_.jpg,table
"VASAGLE Side Table, Round End Table with 2 Shelves for Living Room, Bedroom, Nightstand with Steel Frame for Small Spaces, Outdoor Accent Coffee Table, Rustic Brown and Black",https://www.amazon.com/VASAGLE-DAINTREE-Assembly-Industrial-ULET56BX/dp/B07XXP5S3T/ref=sr_1_71?dib=eyJ2IjoiMSJ9.EAB80q4egnYFM6cjhgAMzQymKsKSsJ9RycZAbdEBbYPiOfaw_8artC2ucqa_qdudlvnrB3meo_m06IPupQz7G1304I0frFigPpu1bpR5buA_ljSmi8XrN4Xz97fHHb4GWXnThbY2QgcbpFoV84C1jb8l6cl9Ok_8Dm1cumZrF4XQW38tOTxMg-y6wCoQTRliK7jj-T2CIY-TcHClIZrDr1XgGWevb54v-IfVx583BdP9lSZjmS1F7ew1roydlOfy6lwT4eUhS2siJMicGE1r5lfsKcTCx4Hp4P2Cky50mCg.kluOQuG0GfsciqBomi_AuMkaBftzt6d8ZCs5LWbidAw&dib_tag=se&keywords=table&qid=1718609966&sr=8-71,https://m.media-amazon.com/images/I/710Tn7ANRnL.__AC_SX300_SY300_QL70_ML2_.jpg,table
"Apicizon 2 Tier End Table, Boho Side Table with Storage Shelf, Nightstand Bedside Table for Small Spaces, Bedroom, Living Room, Entryway, Farmhouse, Easy Assembly, White+Natural",https://www.amazon.com/Apicizon-Nightstand-Entryway-Farmhouse-Assembly/dp/B09TR7ZNMP/ref=sr_1_73?dib=eyJ2IjoiMSJ9.EAB80q4egnYFM6cjhgAMzQymKsKSsJ9RycZAbdEBbYPiOfaw_8artC2ucqa_qdudlvnrB3meo_m06IPupQz7G1304I0frFigPpu1bpR5buA_ljSmi8XrN4Xz97fHHb4GWXnThbY2QgcbpFoV84C1jb8l6cl9Ok_8Dm1cumZrF4XQW38tOTxMg-y6wCoQTRliK7jj-T2CIY-TcHClIZrDr1XgGWevb54v-IfVx583BdP9lSZjmS1F7ew1roydlOfy6lwT4eUhS2siJMicGE1r5lfsKcTCx4Hp4P2Cky50mCg.kluOQuG0GfsciqBomi_AuMkaBftzt6d8ZCs5LWbidAw&dib_tag=se&keywords=table&qid=1718609966&sr=8-73,https://m.media-amazon.com/images/I/81zsVDZNspL.__AC_SX300_SY300_QL70_ML2_.jpg,table
"SAYGOER Black Coffee Table Simple Modern Rectangular Center Table Open Space Minimalist for Living Room Home Office Industrial Cocktail Tables, Easy Assembly, 39.37 x 19.69 x 17.72",https://www.amazon.com/SAYGOER-Rectangular-Minimalist-Industrial-Cocktail/dp/B09FZ96RLX/ref=sr_1_75?dib=eyJ2IjoiMSJ9.EAB80q4egnYFM6cjhgAMzQymKsKSsJ9RycZAbdEBbYPiOfaw_8artC2ucqa_qdudlvnrB3meo_m06IPupQz7G1304I0frFigPpu1bpR5buA_ljSmi8XrN4Xz97fHHb4GWXnThbY2QgcbpFoV84C1jb8l6cl9Ok_8Dm1cumZrF4XQW38tOTxMg-y6wCoQTRliK7jj-T2CIY-TcHClIZrDr1XgGWevb54v-IfVx583BdP9lSZjmS1F7ew1roydlOfy6lwT4eUhS2siJMicGE1r5lfsKcTCx4Hp4P2Cky50mCg.kluOQuG0GfsciqBomi_AuMkaBftzt6d8ZCs5LWbidAw&dib_tag=se&keywords=table&qid=1718609966&sr=8-75,https://m.media-amazon.com/images/I/91PhrERYTbL.__AC_SX300_SY300_QL70_ML2_.jpg,table
"Wimarsbon Side Table, Natural Seagrass End Table 23.53 inch Industrial Nightstand Small Table with Storage Shelf Handwoven for Bedroom Living Room Hallway (Cattail)",https://www.amazon.com/Wimarsbon-Seagrass-Industrial-Nightstand-Handwoven/dp/B0CS359PRH/ref=sr_1_83?dib=eyJ2IjoiMSJ9.EAB80q4egnYFM6cjhgAMzQymKsKSsJ9RycZAbdEBbYPiOfaw_8artC2ucqa_qdudlvnrB3meo_m06IPupQz7G1304I0frFigPpu1bpR5buA_ljSmi8XrN4Xz97fHHb4GWXnThbY2QgcbpFoV84C1jb8l6cl9Ok_8Dm1cumZrF4XQW38tOTxMg-y6wCoQTRliK7jj-T2CIY-TcHClIZrDr1XgGWevb54v-IfVx583BdP9lSZjmS1F7ew1roydlOfy6lwT4eUhS2siJMicGE1r5lfsKcTCx4Hp4P2Cky50mCg.kluOQuG0GfsciqBomi_AuMkaBftzt6d8ZCs5LWbidAw&dib_tag=se&keywords=table&qid=1718609966&sr=8-83,https://m.media-amazon.com/images/I/71+MTY3NDCL._AC_SY300_SX300_.jpg,table
"Console Table with Drawer, Industrial Entryway Table with Storage, Narrow Sofa Foyer Table for Living Room, Entrance, Hallway, Couch, Corridor, Rustic Brown and Black CTHR23301",https://www.amazon.com/MAHANCRIS-Console-Table-Industrial-CTHR23301/dp/B0CWL433XQ/ref=sr_1_85?dib=eyJ2IjoiMSJ9.EAB80q4egnYFM6cjhgAMzQymKsKSsJ9RycZAbdEBbYPiOfaw_8artC2ucqa_qdudlvnrB3meo_m06IPupQz7G1304I0frFigPpu1bpR5buA_ljSmi8XrN4Xz97fHHb4GWXnThbY2QgcbpFoV84C1jb8l6cl9Ok_8Dm1cumZrF4XQW38tOTxMg-y6wCoQTRliK7jj-T2CIY-TcHClIZrDr1XgGWevb54v-IfVx583BdP9lSZjmS1F7ew1roydlOfy6lwT4eUhS2siJMicGE1r5lfsKcTCx4Hp4P2Cky50mCg.kluOQuG0GfsciqBomi_AuMkaBftzt6d8ZCs5LWbidAw&dib_tag=se&keywords=table&qid=1718609966&sr=8-85,https://m.media-amazon.com/images/I/71-IEuxBx-L.__AC_SX300_SY300_QL70_ML2_.jpg,table
"Nightstand with Charging Station, Side Table with Fabric Drawers, End Table with Open Shelf, Bedside Table with USB Ports and Outlets, Night Stand for Bedroom, Rustic Brown and Black",https://www.amazon.com/Huuger-Nightstand-Charging-Station-Drawers/dp/B0C1Y5VL8D/ref=sr_1_87?dib=eyJ2IjoiMSJ9.EAB80q4egnYFM6cjhgAMzQymKsKSsJ9RycZAbdEBbYPiOfaw_8artC2ucqa_qdudlvnrB3meo_m06IPupQz7G1304I0frFigPpu1bpR5buA_ljSmi8XrN4Xz97fHHb4GWXnThbY2QgcbpFoV84C1jb8l6cl9Ok_8Dm1cumZrF4XQW38tOTxMg-y6wCoQTRliK7jj-T2CIY-TcHClIZrDr1XgGWevb54v-IfVx583BdP9lSZjmS1F7ew1roydlOfy6lwT4eUhS2siJMicGE1r5lfsKcTCx4Hp4P2Cky50mCg.kluOQuG0GfsciqBomi_AuMkaBftzt6d8ZCs5LWbidAw&dib_tag=se&keywords=table&qid=1718609966&sr=8-87,https://m.media-amazon.com/images/I/81V4U+q6qtL._AC_SY300_SX300_.jpg,table
"Small Computer Desk with Power Outlets, 40 Inch L Shaped Desk with Reversible Shelves, Gaming Desk Corner Desk Study Writing Table for Home Office Bedroom Living Room, Black",https://www.amazon.com/TIQLAB-Computer-Outlets-Reversible-Shelves/dp/B0CHRL9NQR/ref=sr_1_88?dib=eyJ2IjoiMSJ9.EAB80q4egnYFM6cjhgAMzQymKsKSsJ9RycZAbdEBbYPiOfaw_8artC2ucqa_qdudlvnrB3meo_m06IPupQz7G1304I0frFigPpu1bpR5buA_ljSmi8XrN4Xz97fHHb4GWXnThbY2QgcbpFoV84C1jb8l6cl9Ok_8Dm1cumZrF4XQW38tOTxMg-y6wCoQTRliK7jj-T2CIY-TcHClIZrDr1XgGWevb54v-IfVx583BdP9lSZjmS1F7ew1roydlOfy6lwT4eUhS2siJMicGE1r5lfsKcTCx4Hp4P2Cky50mCg.kluOQuG0GfsciqBomi_AuMkaBftzt6d8ZCs5LWbidAw&dib_tag=se&keywords=table&qid=1718609966&sr=8-88,https://m.media-amazon.com/images/I/81vtKNsxPvL.__AC_SX300_SY300_QL70_ML2_.jpg,table
"Black End Table, Bedside Table 20 Inch Square, Easy Put Together, No Tools Required to Assemble, for Living Room, Bedroom, Stable Frame, Black XXCTG04B",https://www.amazon.com/Bedside-Square-Farmhouse-Bedroom-XXCTG04B/dp/B0CP1TV5TY/ref=sr_1_90?dib=eyJ2IjoiMSJ9.EAB80q4egnYFM6cjhgAMzQymKsKSsJ9RycZAbdEBbYPiOfaw_8artC2ucqa_qdudlvnrB3meo_m06IPupQz7G1304I0frFigPpu1bpR5buA_ljSmi8XrN4Xz97fHHb4GWXnThbY2QgcbpFoV84C1jb8l6cl9Ok_8Dm1cumZrF4XQW38tOTxMg-y6wCoQTRliK7jj-T2CIY-TcHClIZrDr1XgGWevb54v-IfVx583BdP9lSZjmS1F7ew1roydlOfy6lwT4eUhS2siJMicGE1r5lfsKcTCx4Hp4P2Cky50mCg.kluOQuG0GfsciqBomi_AuMkaBftzt6d8ZCs5LWbidAw&dib_tag=se&keywords=table&qid=1718609966&sr=8-90,https://m.media-amazon.com/images/I/81pK6y4JAZL.__AC_SX300_SY300_QL70_ML2_.jpg,table
"VASAGLE C-Shaped End Table, Small Side Table for Couch, Sofa Table with Metal Frame for Living Room, Bedroom, Bedside, Misty Gray and Black",https://www.amazon.com/VASAGLE-C-Shaped-Living-Bedroom-Bedside/dp/B0C2Z1Q4XT/ref=sr_1_93?dib=eyJ2IjoiMSJ9.EAB80q4egnYFM6cjhgAMzQymKsKSsJ9RycZAbdEBbYPiOfaw_8artC2ucqa_qdudlvnrB3meo_m06IPupQz7G1304I0frFigPpu1bpR5buA_ljSmi8XrN4Xz97fHHb4GWXnThbY2QgcbpFoV84C1jb8l6cl9Ok_8Dm1cumZrF4XQW38tOTxMg-y6wCoQTRliK7jj-T2CIY-TcHClIZrDr1XgGWevb54v-IfVx583BdP9lSZjmS1F7ew1roydlOfy6lwT4eUhS2siJMicGE1r5lfsKcTCx4Hp4P2Cky50mCg.kluOQuG0GfsciqBomi_AuMkaBftzt6d8ZCs5LWbidAw&dib_tag=se&keywords=table&qid=1718609966&sr=8-93,https://m.media-amazon.com/images/I/61UPK7O2LPL.__AC_SX300_SY300_QL70_ML2_.jpg,table
"WLIVE End Table with Charging Station and USB Ports, 3-Tier Side Table with Adjustable Shelf, Side Table with Outlet for Small Spaces, Living Room, Bedroom, Black",https://www.amazon.com/WLIVE-Charging-Station-Adjustable-Bedroom/dp/B0BYRJ49WN/ref=sr_1_95?dib=eyJ2IjoiMSJ9.EAB80q4egnYFM6cjhgAMzQymKsKSsJ9RycZAbdEBbYPiOfaw_8artC2ucqa_qdudlvnrB3meo_m06IPupQz7G1304I0frFigPpu1bpR5buA_ljSmi8XrN4Xz97fHHb4GWXnThbY2QgcbpFoV84C1jb8l6cl9Ok_8Dm1cumZrF4XQW38tOTxMg-y6wCoQTRliK7jj-T2CIY-TcHClIZrDr1XgGWevb54v-IfVx583BdP9lSZjmS1F7ew1roydlOfy6lwT4eUhS2siJMicGE1r5lfsKcTCx4Hp4P2Cky50mCg.kluOQuG0GfsciqBomi_AuMkaBftzt6d8ZCs5LWbidAw&dib_tag=se&keywords=table&qid=1718609966&sr=8-95,https://m.media-amazon.com/images/I/71cwwYPlMUL.__AC_SX300_SY300_QL70_ML2_.jpg,table
"2 Pack 6FT Table Cloth for Rectangle Table Black Tablecloth Rectangular Fitted Stretch Spandex Table Covers 6 ft for Birthday, Cocktail, Wedding, Banquet Graduation Outdoor Party",https://www.amazon.com/IOFRYION-Rectangular-Tablecloth-Tablecloths-Protector/dp/B0BZS54JBT/ref=sr_1_96?dib=eyJ2IjoiMSJ9.EAB80q4egnYFM6cjhgAMzQymKsKSsJ9RycZAbdEBbYPiOfaw_8artC2ucqa_qdudlvnrB3meo_m06IPupQz7G1304I0frFigPpu1bpR5buA_ljSmi8XrN4Xz97fHHb4GWXnThbY2QgcbpFoV84C1jb8l6cl9Ok_8Dm1cumZrF4XQW38tOTxMg-y6wCoQTRliK7jj-T2CIY-TcHClIZrDr1XgGWevb54v-IfVx583BdP9lSZjmS1F7ew1roydlOfy6lwT4eUhS2siJMicGE1r5lfsKcTCx4Hp4P2Cky50mCg.kluOQuG0GfsciqBomi_AuMkaBftzt6d8ZCs5LWbidAw&dib_tag=se&keywords=table&qid=1718609966&sr=8-96,https://m.media-amazon.com/images/I/511z+YQVPOL._AC_SY300_SX300_.jpg,table
"Side Table, Small End Table Accent Table Living Room Bedroom Balcony Office, Modern Side Table Bedside Table Home Decor, Small Table for Small Spaces, Small Coffee Table, Easy Assembly",https://www.amazon.com/FORAOFUR-Accent-Bedroom-Balcony-Bedside/dp/B09TFHLB3J/ref=sr_1_101?dib=eyJ2IjoiMSJ9.mpaamG1XYg0QuAIiZ3SLccJtTfC7ZOE1Bndzt24LRApuWgw-iB1df5TOMgRJk1Lv8okAwE-ZXbRqmwFpTQrIdMzuPWb1jbeMIx6WgJ7CxP1P1ax4aMugX70iSm4wStzd0lFg_To0v_2ob4urMDArKcPq8audtDMwg1CErG1tjbddLZjHYVv7J3RZ7uKXW9N6ZIiyp5UtP7PTongU8TuEyVMQqA-b881HRyIeXWIRi-txNmXCnfuSxaN9BxkK2MwAviEl5P6pWtvmYLD9ZcPXoGMyHxtLU-NhdtMeheiGHGM.kpY5UKc5YzM4WqlDaS020w_EqwZH73tMR7rSpofSf0s&dib_tag=se&keywords=table&qid=1718609968&sr=8-101,https://m.media-amazon.com/images/I/51UCaA8FFXL.__AC_SX300_SY300_QL70_ML2_.jpg,table
"End Table Night Stand Set of 2, 3-Tier Bedside Tables, 5-Tier Shelf Bookcase, Accent Side Table for Couch, Living Room, Bedroom, Rustic Brown and Black, Easy Assembly.",https://www.amazon.com/WOODYNLUX-Nightstands-Bookcase-Nightstand-Assembly/dp/B0BMLQPHDB/ref=sr_1_107?dib=eyJ2IjoiMSJ9.mpaamG1XYg0QuAIiZ3SLccJtTfC7ZOE1Bndzt24LRApuWgw-iB1df5TOMgRJk1Lv8okAwE-ZXbRqmwFpTQrIdMzuPWb1jbeMIx6WgJ7CxP1P1ax4aMugX70iSm4wStzd0lFg_To0v_2ob4urMDArKcPq8audtDMwg1CErG1tjbddLZjHYVv7J3RZ7uKXW9N6ZIiyp5UtP7PTongU8TuEyVMQqA-b881HRyIeXWIRi-txNmXCnfuSxaN9BxkK2MwAviEl5P6pWtvmYLD9ZcPXoGMyHxtLU-NhdtMeheiGHGM.kpY5UKc5YzM4WqlDaS020w_EqwZH73tMR7rSpofSf0s&dib_tag=se&keywords=table&qid=1718609968&sr=8-107,https://m.media-amazon.com/images/I/712N4DuIe5L.__AC_SX300_SY300_QL70_ML2_.jpg,table
"WLIVE End Table with Charging Station and USB Ports, 3-Tier Side Table with Adjustable Shelf, Side Table with Outlet for Small Spaces, Living Room, Bedroom, Greige",https://www.amazon.com/WLIVE-Charging-Station-Adjustable-Bedroom/dp/B0BYRM14MG/ref=sr_1_108?dib=eyJ2IjoiMSJ9.mpaamG1XYg0QuAIiZ3SLccJtTfC7ZOE1Bndzt24LRApuWgw-iB1df5TOMgRJk1Lv8okAwE-ZXbRqmwFpTQrIdMzuPWb1jbeMIx6WgJ7CxP1P1ax4aMugX70iSm4wStzd0lFg_To0v_2ob4urMDArKcPq8audtDMwg1CErG1tjbddLZjHYVv7J3RZ7uKXW9N6ZIiyp5UtP7PTongU8TuEyVMQqA-b881HRyIeXWIRi-txNmXCnfuSxaN9BxkK2MwAviEl5P6pWtvmYLD9ZcPXoGMyHxtLU-NhdtMeheiGHGM.kpY5UKc5YzM4WqlDaS020w_EqwZH73tMR7rSpofSf0s&dib_tag=se&keywords=table&qid=1718609968&sr=8-108,https://m.media-amazon.com/images/I/716qrW9K9yL.__AC_SX300_SY300_QL70_ML2_.jpg,table
"4 Foot Height Adjustable Fold-in-Half Table with Carrying Handle, Easy Folding and Storage, Indoor Outdoor Use, White, 4ft_Straight Legs",https://www.amazon.com/Living-More-Adjustable-Carrying-Folding/dp/B09H2ZY67H/ref=sr_1_109?dib=eyJ2IjoiMSJ9.mpaamG1XYg0QuAIiZ3SLccJtTfC7ZOE1Bndzt24LRApuWgw-iB1df5TOMgRJk1Lv8okAwE-ZXbRqmwFpTQrIdMzuPWb1jbeMIx6WgJ7CxP1P1ax4aMugX70iSm4wStzd0lFg_To0v_2ob4urMDArKcPq8audtDMwg1CErG1tjbddLZjHYVv7J3RZ7uKXW9N6ZIiyp5UtP7PTongU8TuEyVMQqA-b881HRyIeXWIRi-txNmXCnfuSxaN9BxkK2MwAviEl5P6pWtvmYLD9ZcPXoGMyHxtLU-NhdtMeheiGHGM.kpY5UKc5YzM4WqlDaS020w_EqwZH73tMR7rSpofSf0s&dib_tag=se&keywords=table&qid=1718609968&sr=8-109,https://m.media-amazon.com/images/I/31OCkx3+XsL._AC_SY300_SX300_.jpg,table
"DlandHome Computer Desk, 55 inches Folding Table Large Office Desk Computer Table Study Writing Desk for Home Office Fully Assembled, Retro + Black Leg",https://www.amazon.com/DlandHome-Computer-Workstation-Conference-Assembled/dp/B0894KJPBF/ref=sr_1_113?dib=eyJ2IjoiMSJ9.mpaamG1XYg0QuAIiZ3SLccJtTfC7ZOE1Bndzt24LRApuWgw-iB1df5TOMgRJk1Lv8okAwE-ZXbRqmwFpTQrIdMzuPWb1jbeMIx6WgJ7CxP1P1ax4aMugX70iSm4wStzd0lFg_To0v_2ob4urMDArKcPq8audtDMwg1CErG1tjbddLZjHYVv7J3RZ7uKXW9N6ZIiyp5UtP7PTongU8TuEyVMQqA-b881HRyIeXWIRi-txNmXCnfuSxaN9BxkK2MwAviEl5P6pWtvmYLD9ZcPXoGMyHxtLU-NhdtMeheiGHGM.kpY5UKc5YzM4WqlDaS020w_EqwZH73tMR7rSpofSf0s&dib_tag=se&keywords=table&qid=1718609968&sr=8-113,https://m.media-amazon.com/images/I/71gFv0-GIvL.__AC_SX300_SY300_QL70_ML2_.jpg,table
"COSCO 34"" Square Vinyl Top Card Folding Table, 1-Pack, Antique Linen",https://www.amazon.com/CoscoProducts-14696ANT1E-Folding-1-Pack-Antique/dp/B00SOWJS9K/ref=sr_1_116?dib=eyJ2IjoiMSJ9.mpaamG1XYg0QuAIiZ3SLccJtTfC7ZOE1Bndzt24LRApuWgw-iB1df5TOMgRJk1Lv8okAwE-ZXbRqmwFpTQrIdMzuPWb1jbeMIx6WgJ7CxP1P1ax4aMugX70iSm4wStzd0lFg_To0v_2ob4urMDArKcPq8audtDMwg1CErG1tjbddLZjHYVv7J3RZ7uKXW9N6ZIiyp5UtP7PTongU8TuEyVMQqA-b881HRyIeXWIRi-txNmXCnfuSxaN9BxkK2MwAviEl5P6pWtvmYLD9ZcPXoGMyHxtLU-NhdtMeheiGHGM.kpY5UKc5YzM4WqlDaS020w_EqwZH73tMR7rSpofSf0s&dib_tag=se&keywords=table&qid=1718609968&sr=8-116,https://m.media-amazon.com/images/I/61EmLN6nWQL.__AC_SX300_SY300_QL70_ML2_.jpg,table
"Electric Standing Desk, 48 x 24 Inches Height Adjustable Desk, Sit Stand up Desk for Work Office Home, Ergonomic Rising Computer Table with Memory Preset, Rustic Brown",https://www.amazon.com/Agilestic-Electric-Standing-Adjustable-Ergonomic/dp/B0CSPJR8W8/ref=sr_1_117?dib=eyJ2IjoiMSJ9.mpaamG1XYg0QuAIiZ3SLccJtTfC7ZOE1Bndzt24LRApuWgw-iB1df5TOMgRJk1Lv8okAwE-ZXbRqmwFpTQrIdMzuPWb1jbeMIx6WgJ7CxP1P1ax4aMugX70iSm4wStzd0lFg_To0v_2ob4urMDArKcPq8audtDMwg1CErG1tjbddLZjHYVv7J3RZ7uKXW9N6ZIiyp5UtP7PTongU8TuEyVMQqA-b881HRyIeXWIRi-txNmXCnfuSxaN9BxkK2MwAviEl5P6pWtvmYLD9ZcPXoGMyHxtLU-NhdtMeheiGHGM.kpY5UKc5YzM4WqlDaS020w_EqwZH73tMR7rSpofSf0s&dib_tag=se&keywords=table&qid=1718609968&sr=8-117,https://m.media-amazon.com/images/I/71fSeXNXQPL.__AC_SX300_SY300_QL70_ML2_.jpg,table
"HOOBRO Rattan Side Table, Z Shaped End Table with Magazine Rack, Mid Century Bedside Table with Tempered Glass Top for Sofa Couch, Living Room, Bedroom and Small Spaces, Black BK09SF01",https://www.amazon.com/HOOBRO-End-Magazine-Tempered-BK09SF01/dp/B0CL3TBTKR/ref=sr_1_118?dib=eyJ2IjoiMSJ9.mpaamG1XYg0QuAIiZ3SLccJtTfC7ZOE1Bndzt24LRApuWgw-iB1df5TOMgRJk1Lv8okAwE-ZXbRqmwFpTQrIdMzuPWb1jbeMIx6WgJ7CxP1P1ax4aMugX70iSm4wStzd0lFg_To0v_2ob4urMDArKcPq8audtDMwg1CErG1tjbddLZjHYVv7J3RZ7uKXW9N6ZIiyp5UtP7PTongU8TuEyVMQqA-b881HRyIeXWIRi-txNmXCnfuSxaN9BxkK2MwAviEl5P6pWtvmYLD9ZcPXoGMyHxtLU-NhdtMeheiGHGM.kpY5UKc5YzM4WqlDaS020w_EqwZH73tMR7rSpofSf0s&dib_tag=se&keywords=table&qid=1718609968&sr=8-118,https://m.media-amazon.com/images/I/819a7t9mPCL.__AC_SX300_SY300_QL70_ML2_.jpg,table
"6 FT Granite White Folding Table with Easy- Carry Handle – Premium 6 Foot Folding Table Ideal for Camping, Picnic, Party or Home Use",https://www.amazon.com/Techni-Home-Granite-Folding-Handle/dp/B0CXB3TXS2/ref=sr_1_119?dib=eyJ2IjoiMSJ9.mpaamG1XYg0QuAIiZ3SLccJtTfC7ZOE1Bndzt24LRApuWgw-iB1df5TOMgRJk1Lv8okAwE-ZXbRqmwFpTQrIdMzuPWb1jbeMIx6WgJ7CxP1P1ax4aMugX70iSm4wStzd0lFg_To0v_2ob4urMDArKcPq8audtDMwg1CErG1tjbddLZjHYVv7J3RZ7uKXW9N6ZIiyp5UtP7PTongU8TuEyVMQqA-b881HRyIeXWIRi-txNmXCnfuSxaN9BxkK2MwAviEl5P6pWtvmYLD9ZcPXoGMyHxtLU-NhdtMeheiGHGM.kpY5UKc5YzM4WqlDaS020w_EqwZH73tMR7rSpofSf0s&dib_tag=se&keywords=table&qid=1718609968&sr=8-119,https://m.media-amazon.com/images/I/618Y1-NjD2L.__AC_SX300_SY300_QL70_ML2_.jpg,table
"SINPAID Computer Desk 40 inches with 2-Tier Shelves Sturdy Home Office Desk with Large Storage Space Modern Gaming Desk Study Writing Laptop Table, White Desk",https://www.amazon.com/SINPAID-Computer-Shelves-Storage-Writing/dp/B08LD9Z3ZD/ref=sr_1_120?dib=eyJ2IjoiMSJ9.mpaamG1XYg0QuAIiZ3SLccJtTfC7ZOE1Bndzt24LRApuWgw-iB1df5TOMgRJk1Lv8okAwE-ZXbRqmwFpTQrIdMzuPWb1jbeMIx6WgJ7CxP1P1ax4aMugX70iSm4wStzd0lFg_To0v_2ob4urMDArKcPq8audtDMwg1CErG1tjbddLZjHYVv7J3RZ7uKXW9N6ZIiyp5UtP7PTongU8TuEyVMQqA-b881HRyIeXWIRi-txNmXCnfuSxaN9BxkK2MwAviEl5P6pWtvmYLD9ZcPXoGMyHxtLU-NhdtMeheiGHGM.kpY5UKc5YzM4WqlDaS020w_EqwZH73tMR7rSpofSf0s&dib_tag=se&keywords=table&qid=1718609968&sr=8-120,https://m.media-amazon.com/images/I/71BJlimbIrL.__AC_SX300_SY300_QL70_ML2_.jpg,table
"Black End Table, Bedside Table 20 Inch Square, Easy Put Together, No Tools Required to Assemble, for Living Room, Bedroom, Stable Frame, Black XXCTG04B",https://www.amazon.com/Bedside-Square-Farmhouse-Bedroom-XXCTG04B/dp/B0CP1TV5TY/ref=sr_1_122?dib=eyJ2IjoiMSJ9.mpaamG1XYg0QuAIiZ3SLccJtTfC7ZOE1Bndzt24LRApuWgw-iB1df5TOMgRJk1Lv8okAwE-ZXbRqmwFpTQrIdMzuPWb1jbeMIx6WgJ7CxP1P1ax4aMugX70iSm4wStzd0lFg_To0v_2ob4urMDArKcPq8audtDMwg1CErG1tjbddLZjHYVv7J3RZ7uKXW9N6ZIiyp5UtP7PTongU8TuEyVMQqA-b881HRyIeXWIRi-txNmXCnfuSxaN9BxkK2MwAviEl5P6pWtvmYLD9ZcPXoGMyHxtLU-NhdtMeheiGHGM.kpY5UKc5YzM4WqlDaS020w_EqwZH73tMR7rSpofSf0s&dib_tag=se&keywords=table&qid=1718609968&sr=8-122,https://m.media-amazon.com/images/I/81pK6y4JAZL.__AC_SX300_SY300_QL70_ML2_.jpg,table
"smiry Rectangle Tablecloth, Elastic Fitted Flannel Backed Vinyl Tablecloths for 6ft Folding Tables, Waterproof Wipeable Table Covers for Indoor, Outdoor, Picnic and Camping (Black, 30""x72"")",https://www.amazon.com/smiry-Rectangle-Tablecloths-Waterproof-Wipeable/dp/B0BDM79DLT/ref=sr_1_124?dib=eyJ2IjoiMSJ9.mpaamG1XYg0QuAIiZ3SLccJtTfC7ZOE1Bndzt24LRApuWgw-iB1df5TOMgRJk1Lv8okAwE-ZXbRqmwFpTQrIdMzuPWb1jbeMIx6WgJ7CxP1P1ax4aMugX70iSm4wStzd0lFg_To0v_2ob4urMDArKcPq8audtDMwg1CErG1tjbddLZjHYVv7J3RZ7uKXW9N6ZIiyp5UtP7PTongU8TuEyVMQqA-b881HRyIeXWIRi-txNmXCnfuSxaN9BxkK2MwAviEl5P6pWtvmYLD9ZcPXoGMyHxtLU-NhdtMeheiGHGM.kpY5UKc5YzM4WqlDaS020w_EqwZH73tMR7rSpofSf0s&dib_tag=se&keywords=table&qid=1718609968&sr=8-124,https://m.media-amazon.com/images/I/81Us9ziHHiL.__AC_SX300_SY300_QL70_ML2_.jpg,table
"C Shaped End Table, Small Side Table with Storage Bag for Couch, Sofa Table with Metal Frame for Living Room and Bedroom Bedside, Rustic Brown ZER-007Br",https://www.amazon.com/ZERDER-Storage-Bedroom-Bedside-ZER-007Br/dp/B0CN6RXRSB/ref=sr_1_127?dib=eyJ2IjoiMSJ9.mpaamG1XYg0QuAIiZ3SLccJtTfC7ZOE1Bndzt24LRApuWgw-iB1df5TOMgRJk1Lv8okAwE-ZXbRqmwFpTQrIdMzuPWb1jbeMIx6WgJ7CxP1P1ax4aMugX70iSm4wStzd0lFg_To0v_2ob4urMDArKcPq8audtDMwg1CErG1tjbddLZjHYVv7J3RZ7uKXW9N6ZIiyp5UtP7PTongU8TuEyVMQqA-b881HRyIeXWIRi-txNmXCnfuSxaN9BxkK2MwAviEl5P6pWtvmYLD9ZcPXoGMyHxtLU-NhdtMeheiGHGM.kpY5UKc5YzM4WqlDaS020w_EqwZH73tMR7rSpofSf0s&dib_tag=se&keywords=table&qid=1718609968&sr=8-127,https://m.media-amazon.com/images/I/61cZz7qakEL.__AC_SX300_SY300_QL70_ML2_.jpg,table
"Wimarsbon Sofa Tables, 41.9"" Entryway Table with Metal Frame, Narrow Console Entrance Table with Shelf for Hallway, Living Room, Foyer, Corridor, Office (White Faux Marble + Black Frame)",https://www.amazon.com/Wimarsbon-Entryway-Console-Entrance-Corridor/dp/B0CL9P1856/ref=sr_1_128?dib=eyJ2IjoiMSJ9.mpaamG1XYg0QuAIiZ3SLccJtTfC7ZOE1Bndzt24LRApuWgw-iB1df5TOMgRJk1Lv8okAwE-ZXbRqmwFpTQrIdMzuPWb1jbeMIx6WgJ7CxP1P1ax4aMugX70iSm4wStzd0lFg_To0v_2ob4urMDArKcPq8audtDMwg1CErG1tjbddLZjHYVv7J3RZ7uKXW9N6ZIiyp5UtP7PTongU8TuEyVMQqA-b881HRyIeXWIRi-txNmXCnfuSxaN9BxkK2MwAviEl5P6pWtvmYLD9ZcPXoGMyHxtLU-NhdtMeheiGHGM.kpY5UKc5YzM4WqlDaS020w_EqwZH73tMR7rSpofSf0s&dib_tag=se&keywords=table&qid=1718609968&sr=8-128,https://m.media-amazon.com/images/I/71f2YHdLvZL.__AC_SX300_SY300_QL70_ML2_.jpg,table
"Fixwal Narrow Side Table, Nightstand with Storage Shelf, Slim Magazine Table for Small Spaces, Narrow Side Snack Couch, End Table for Living Room, Bedroom, Hallway, Rustic Brown",https://www.amazon.com/Fixwal-Nightstand-Storage-Magazine-Bedroom/dp/B0CD9DM4TZ/ref=sr_1_129?dib=eyJ2IjoiMSJ9.mpaamG1XYg0QuAIiZ3SLccJtTfC7ZOE1Bndzt24LRApuWgw-iB1df5TOMgRJk1Lv8okAwE-ZXbRqmwFpTQrIdMzuPWb1jbeMIx6WgJ7CxP1P1ax4aMugX70iSm4wStzd0lFg_To0v_2ob4urMDArKcPq8audtDMwg1CErG1tjbddLZjHYVv7J3RZ7uKXW9N6ZIiyp5UtP7PTongU8TuEyVMQqA-b881HRyIeXWIRi-txNmXCnfuSxaN9BxkK2MwAviEl5P6pWtvmYLD9ZcPXoGMyHxtLU-NhdtMeheiGHGM.kpY5UKc5YzM4WqlDaS020w_EqwZH73tMR7rSpofSf0s&dib_tag=se&keywords=table&qid=1718609968&sr=8-129,https://m.media-amazon.com/images/I/71z+AYsAszL._AC_SY300_SX300_.jpg,table
"WLIVE Modern Lift Top Coffee Table,Rustic Coffee Table with Storage Shelf and Hidden Compartment,Wood Lift Tabletop for Home Living Room,Black.",https://www.amazon.com/WLIVE-Modern-Storage-Compartment-Tabletop/dp/B09X19SN56/ref=sr_1_131?dib=eyJ2IjoiMSJ9.mpaamG1XYg0QuAIiZ3SLccJtTfC7ZOE1Bndzt24LRApuWgw-iB1df5TOMgRJk1Lv8okAwE-ZXbRqmwFpTQrIdMzuPWb1jbeMIx6WgJ7CxP1P1ax4aMugX70iSm4wStzd0lFg_To0v_2ob4urMDArKcPq8audtDMwg1CErG1tjbddLZjHYVv7J3RZ7uKXW9N6ZIiyp5UtP7PTongU8TuEyVMQqA-b881HRyIeXWIRi-txNmXCnfuSxaN9BxkK2MwAviEl5P6pWtvmYLD9ZcPXoGMyHxtLU-NhdtMeheiGHGM.kpY5UKc5YzM4WqlDaS020w_EqwZH73tMR7rSpofSf0s&dib_tag=se&keywords=table&qid=1718609968&sr=8-131,https://m.media-amazon.com/images/I/71+s2fLpjVL._AC_SY300_SX300_.jpg,table
"Bamboo C Shaped End Table for Couch Arm, Small Sofa Side Table with Adjustable Height for Small Spaces, Swivel TV Tray Table with Phone & Tablet Slots",https://www.amazon.com/ZUJJAFY-C-Shaped-Portable-Adjustable-Bedroom/dp/B0CGL3FNMX/ref=sr_1_132?dib=eyJ2IjoiMSJ9.mpaamG1XYg0QuAIiZ3SLccJtTfC7ZOE1Bndzt24LRApuWgw-iB1df5TOMgRJk1Lv8okAwE-ZXbRqmwFpTQrIdMzuPWb1jbeMIx6WgJ7CxP1P1ax4aMugX70iSm4wStzd0lFg_To0v_2ob4urMDArKcPq8audtDMwg1CErG1tjbddLZjHYVv7J3RZ7uKXW9N6ZIiyp5UtP7PTongU8TuEyVMQqA-b881HRyIeXWIRi-txNmXCnfuSxaN9BxkK2MwAviEl5P6pWtvmYLD9ZcPXoGMyHxtLU-NhdtMeheiGHGM.kpY5UKc5YzM4WqlDaS020w_EqwZH73tMR7rSpofSf0s&dib_tag=se&keywords=table&qid=1718609968&sr=8-132,https://m.media-amazon.com/images/I/91bmMBNDBVL.__AC_SX300_SY300_QL70_ML2_.jpg,table
"smusei Drink Tables for Small Spaces Pedestal Side Table with Adjustable Base Round Side Table Small Drink Table for Living Room Sofa Patio Couch Chair, Black",https://www.amazon.com/smusei-Tables-Spaces-Pedestal-Adjustable/dp/B0CM5JVTHW/ref=sr_1_134?dib=eyJ2IjoiMSJ9.mpaamG1XYg0QuAIiZ3SLccJtTfC7ZOE1Bndzt24LRApuWgw-iB1df5TOMgRJk1Lv8okAwE-ZXbRqmwFpTQrIdMzuPWb1jbeMIx6WgJ7CxP1P1ax4aMugX70iSm4wStzd0lFg_To0v_2ob4urMDArKcPq8audtDMwg1CErG1tjbddLZjHYVv7J3RZ7uKXW9N6ZIiyp5UtP7PTongU8TuEyVMQqA-b881HRyIeXWIRi-txNmXCnfuSxaN9BxkK2MwAviEl5P6pWtvmYLD9ZcPXoGMyHxtLU-NhdtMeheiGHGM.kpY5UKc5YzM4WqlDaS020w_EqwZH73tMR7rSpofSf0s&dib_tag=se&keywords=table&qid=1718609968&sr=8-134,https://m.media-amazon.com/images/I/91x6IvY6XWL._AC_SY300_SX300_.jpg,table
"Sofa Console Table, 44.9"" Entryway Table with Power Station, Narrow Couch Table, Hallway Table, Sofa Table with USB Ports, Metal Frame, for Entrance, Living Room, Rustic Brown CTHR113E01",https://www.amazon.com/MAHANCRIS-Console-Entryway-Entrance-CTHR113E01/dp/B0C2V4TMD1/ref=sr_1_135?dib=eyJ2IjoiMSJ9.mpaamG1XYg0QuAIiZ3SLccJtTfC7ZOE1Bndzt24LRApuWgw-iB1df5TOMgRJk1Lv8okAwE-ZXbRqmwFpTQrIdMzuPWb1jbeMIx6WgJ7CxP1P1ax4aMugX70iSm4wStzd0lFg_To0v_2ob4urMDArKcPq8audtDMwg1CErG1tjbddLZjHYVv7J3RZ7uKXW9N6ZIiyp5UtP7PTongU8TuEyVMQqA-b881HRyIeXWIRi-txNmXCnfuSxaN9BxkK2MwAviEl5P6pWtvmYLD9ZcPXoGMyHxtLU-NhdtMeheiGHGM.kpY5UKc5YzM4WqlDaS020w_EqwZH73tMR7rSpofSf0s&dib_tag=se&keywords=table&qid=1718609968&sr=8-135,https://m.media-amazon.com/images/I/61VSJAuTzBL.__AC_SX300_SY300_QL70_ML2_.jpg,table
"Tajsoon Console Table, 2-Tier Entryway Table, 41.8”L Narrow Sofa Table with Shelves, Entrance Table for Hallway, Entryway, Living Room, Foyer, Corridor, Office, Black & White",https://www.amazon.com/Tajsoon-entryway-Entrance-Entryway-Corridor/dp/B0B24V8XMR/ref=sr_1_136?dib=eyJ2IjoiMSJ9.mpaamG1XYg0QuAIiZ3SLccJtTfC7ZOE1Bndzt24LRApuWgw-iB1df5TOMgRJk1Lv8okAwE-ZXbRqmwFpTQrIdMzuPWb1jbeMIx6WgJ7CxP1P1ax4aMugX70iSm4wStzd0lFg_To0v_2ob4urMDArKcPq8audtDMwg1CErG1tjbddLZjHYVv7J3RZ7uKXW9N6ZIiyp5UtP7PTongU8TuEyVMQqA-b881HRyIeXWIRi-txNmXCnfuSxaN9BxkK2MwAviEl5P6pWtvmYLD9ZcPXoGMyHxtLU-NhdtMeheiGHGM.kpY5UKc5YzM4WqlDaS020w_EqwZH73tMR7rSpofSf0s&dib_tag=se&keywords=table&qid=1718609968&sr=8-136,https://m.media-amazon.com/images/I/81TTI2T2LwL.__AC_SX300_SY300_QL70_ML2_.jpg,table
"IBUYKE 2-Tier Side Table, Solid Wood Tall End Table with Storage Shelves, Nightstand Bedside Table for Living Room Bedroom Office, No-Tool Assembly, White UWST002W",https://www.amazon.com/IBUYKE-Storage-Nightstand-Assembly-UWST002W/dp/B0BPH3S4BY/ref=sr_1_137?dib=eyJ2IjoiMSJ9.mpaamG1XYg0QuAIiZ3SLccJtTfC7ZOE1Bndzt24LRApuWgw-iB1df5TOMgRJk1Lv8okAwE-ZXbRqmwFpTQrIdMzuPWb1jbeMIx6WgJ7CxP1P1ax4aMugX70iSm4wStzd0lFg_To0v_2ob4urMDArKcPq8audtDMwg1CErG1tjbddLZjHYVv7J3RZ7uKXW9N6ZIiyp5UtP7PTongU8TuEyVMQqA-b881HRyIeXWIRi-txNmXCnfuSxaN9BxkK2MwAviEl5P6pWtvmYLD9ZcPXoGMyHxtLU-NhdtMeheiGHGM.kpY5UKc5YzM4WqlDaS020w_EqwZH73tMR7rSpofSf0s&dib_tag=se&keywords=table&qid=1718609968&sr=8-137,https://m.media-amazon.com/images/I/61tqs2v51cL.__AC_SX300_SY300_QL70_ML2_.jpg,table
"HOOBRO C Shaped End Table, Tempered Glass Snack Side Table with Metal Frame, TV Tray Table for Small Space, Sofa Couch and Bed, Modern Style, Black BK03SF01",https://www.amazon.com/HOOBRO-Shaped-Tempered-Modern-BK03SF01/dp/B09X39TT9Z/ref=sr_1_139?dib=eyJ2IjoiMSJ9.mpaamG1XYg0QuAIiZ3SLccJtTfC7ZOE1Bndzt24LRApuWgw-iB1df5TOMgRJk1Lv8okAwE-ZXbRqmwFpTQrIdMzuPWb1jbeMIx6WgJ7CxP1P1ax4aMugX70iSm4wStzd0lFg_To0v_2ob4urMDArKcPq8audtDMwg1CErG1tjbddLZjHYVv7J3RZ7uKXW9N6ZIiyp5UtP7PTongU8TuEyVMQqA-b881HRyIeXWIRi-txNmXCnfuSxaN9BxkK2MwAviEl5P6pWtvmYLD9ZcPXoGMyHxtLU-NhdtMeheiGHGM.kpY5UKc5YzM4WqlDaS020w_EqwZH73tMR7rSpofSf0s&dib_tag=se&keywords=table&qid=1718609968&sr=8-139,https://m.media-amazon.com/images/I/511scASWuEL.__AC_SX300_SY300_QL70_ML2_.jpg,table
"GiveBest End Table with Charging Station, Narrow Side Table with USB Ports and Outlets, Sofa Couch Table for Small Spaces, Slim Bedside Table Nightstand with Storage for Living Room Bedroom Office",https://www.amazon.com/GiveBest-Charging-Station-Outlets-Nightstand/dp/B0CYKTDBC4/ref=sr_1_141?dib=eyJ2IjoiMSJ9.mpaamG1XYg0QuAIiZ3SLccJtTfC7ZOE1Bndzt24LRApuWgw-iB1df5TOMgRJk1Lv8okAwE-ZXbRqmwFpTQrIdMzuPWb1jbeMIx6WgJ7CxP1P1ax4aMugX70iSm4wStzd0lFg_To0v_2ob4urMDArKcPq8audtDMwg1CErG1tjbddLZjHYVv7J3RZ7uKXW9N6ZIiyp5UtP7PTongU8TuEyVMQqA-b881HRyIeXWIRi-txNmXCnfuSxaN9BxkK2MwAviEl5P6pWtvmYLD9ZcPXoGMyHxtLU-NhdtMeheiGHGM.kpY5UKc5YzM4WqlDaS020w_EqwZH73tMR7rSpofSf0s&dib_tag=se&keywords=table&qid=1718609968&sr=8-141,https://m.media-amazon.com/images/I/81ZGC0rVNEL.__AC_SX300_SY300_QL70_ML2_.jpg,table
"Folding table risers for Folding Tables Straight/Bent Leg, Durable Folding Table Leg Extensions 2 Levels/Heights Table Leg extenders-All for Treating Your Back pain(4-pack) (7.8 In (20cm)）",https://www.amazon.com/Folding-Straight-Extensions-extenders-All-Treating/dp/B0B9N1DYCC/ref=sr_1_144?dib=eyJ2IjoiMSJ9.mpaamG1XYg0QuAIiZ3SLccJtTfC7ZOE1Bndzt24LRApuWgw-iB1df5TOMgRJk1Lv8okAwE-ZXbRqmwFpTQrIdMzuPWb1jbeMIx6WgJ7CxP1P1ax4aMugX70iSm4wStzd0lFg_To0v_2ob4urMDArKcPq8audtDMwg1CErG1tjbddLZjHYVv7J3RZ7uKXW9N6ZIiyp5UtP7PTongU8TuEyVMQqA-b881HRyIeXWIRi-txNmXCnfuSxaN9BxkK2MwAviEl5P6pWtvmYLD9ZcPXoGMyHxtLU-NhdtMeheiGHGM.kpY5UKc5YzM4WqlDaS020w_EqwZH73tMR7rSpofSf0s&dib_tag=se&keywords=table&qid=1718609968&sr=8-144,https://m.media-amazon.com/images/I/710H9pg87dL.__AC_SY300_SX300_QL70_ML2_.jpg,table
"3 Tier End Table,Record Player Stand with Storage Up to 100 Albums,Turntable Stand for Vinyl,Brown Records Shelf for Living Room Bedroom",https://www.amazon.com/LELELINKY-Storage-Industrial-Turntable-Records/dp/B0BWMBFSX7/ref=sr_1_145?dib=eyJ2IjoiMSJ9.o92J9d6g7SzTQUNVijaqffLyP-sz6SYorW7I3clcoTRP_4lPo6pJuE_CCDMBDcDiGYaOeSlfE3t1BXgimvf1cKDQI-z-7CfvFpi72nIHzRIHQAMQgHsIEb_GYM8jWrQfh0C0ick7DDddnx3TNrgtQ4YF5lQfS8kBnoxiiCtqMlg-MsHmYaK07-f0WQQ3LgFy2eOgRmJsX8QS7EolohrQ9eG8Ny_1ZIl_uIigpUKxWsDiGSma7I7im02LI3SbWDm3dOnFDII7iCZ-zhQv4vv-ytegxWl4mhRAeuAVLL2eGa4.cUv1Kjw2WG6jbjK-GRM7W3_J8LvA4-XBUyp0NEujBsM&dib_tag=se&keywords=table&qid=1718609970&sr=8-145,https://m.media-amazon.com/images/I/81QpzIZ0VoL.__AC_SX300_SY300_QL70_ML2_.jpg,table
"Folding table risers for Folding Tables Straight/Bent Leg, Durable Folding Table Leg Extensions 2 Levels/Heights Table Leg extenders-All for Treating Your Back pain(4-pack) (7.8 In (20cm)）",https://www.amazon.com/Folding-Straight-Extensions-extenders-All-Treating/dp/B0B9N1DYCC/ref=sr_1_146?dib=eyJ2IjoiMSJ9.o92J9d6g7SzTQUNVijaqffLyP-sz6SYorW7I3clcoTRP_4lPo6pJuE_CCDMBDcDiGYaOeSlfE3t1BXgimvf1cKDQI-z-7CfvFpi72nIHzRIHQAMQgHsIEb_GYM8jWrQfh0C0ick7DDddnx3TNrgtQ4YF5lQfS8kBnoxiiCtqMlg-MsHmYaK07-f0WQQ3LgFy2eOgRmJsX8QS7EolohrQ9eG8Ny_1ZIl_uIigpUKxWsDiGSma7I7im02LI3SbWDm3dOnFDII7iCZ-zhQv4vv-ytegxWl4mhRAeuAVLL2eGa4.cUv1Kjw2WG6jbjK-GRM7W3_J8LvA4-XBUyp0NEujBsM&dib_tag=se&keywords=table&qid=1718609970&sr=8-146,https://m.media-amazon.com/images/I/710H9pg87dL.__AC_SY300_SX300_QL70_ML2_.jpg,table
"Wimarsbon Sofa Tables, 41.9"" Entryway Table with Metal Frame, Narrow Console Entrance Table with Shelf for Hallway, Living Room, Foyer, Corridor, Office (White Faux Marble + Black Frame)",https://www.amazon.com/Wimarsbon-Entryway-Console-Entrance-Corridor/dp/B0CL9P1856/ref=sr_1_147?dib=eyJ2IjoiMSJ9.o92J9d6g7SzTQUNVijaqffLyP-sz6SYorW7I3clcoTRP_4lPo6pJuE_CCDMBDcDiGYaOeSlfE3t1BXgimvf1cKDQI-z-7CfvFpi72nIHzRIHQAMQgHsIEb_GYM8jWrQfh0C0ick7DDddnx3TNrgtQ4YF5lQfS8kBnoxiiCtqMlg-MsHmYaK07-f0WQQ3LgFy2eOgRmJsX8QS7EolohrQ9eG8Ny_1ZIl_uIigpUKxWsDiGSma7I7im02LI3SbWDm3dOnFDII7iCZ-zhQv4vv-ytegxWl4mhRAeuAVLL2eGa4.cUv1Kjw2WG6jbjK-GRM7W3_J8LvA4-XBUyp0NEujBsM&dib_tag=se&keywords=table&qid=1718609970&sr=8-147,https://m.media-amazon.com/images/I/71f2YHdLvZL.__AC_SX300_SY300_QL70_ML2_.jpg,table
"Black End Table, Bedside Table 20 Inch Square, Easy Put Together, No Tools Required to Assemble, for Living Room, Bedroom, Stable Frame, Black XXCTG04B",https://www.amazon.com/Bedside-Square-Farmhouse-Bedroom-XXCTG04B/dp/B0CP1TV5TY/ref=sr_1_148?dib=eyJ2IjoiMSJ9.o92J9d6g7SzTQUNVijaqffLyP-sz6SYorW7I3clcoTRP_4lPo6pJuE_CCDMBDcDiGYaOeSlfE3t1BXgimvf1cKDQI-z-7CfvFpi72nIHzRIHQAMQgHsIEb_GYM8jWrQfh0C0ick7DDddnx3TNrgtQ4YF5lQfS8kBnoxiiCtqMlg-MsHmYaK07-f0WQQ3LgFy2eOgRmJsX8QS7EolohrQ9eG8Ny_1ZIl_uIigpUKxWsDiGSma7I7im02LI3SbWDm3dOnFDII7iCZ-zhQv4vv-ytegxWl4mhRAeuAVLL2eGa4.cUv1Kjw2WG6jbjK-GRM7W3_J8LvA4-XBUyp0NEujBsM&dib_tag=se&keywords=table&qid=1718609970&sr=8-148,https://m.media-amazon.com/images/I/81pK6y4JAZL.__AC_SX300_SY300_QL70_ML2_.jpg,table
"SINPAID Computer Desk 40 inches with 2-Tier Shelves Sturdy Home Office Desk with Large Storage Space Modern Gaming Desk Study Writing Laptop Table, White Desk",https://www.amazon.com/SINPAID-Computer-Shelves-Storage-Writing/dp/B08LD9Z3ZD/ref=sr_1_149?dib=eyJ2IjoiMSJ9.o92J9d6g7SzTQUNVijaqffLyP-sz6SYorW7I3clcoTRP_4lPo6pJuE_CCDMBDcDiGYaOeSlfE3t1BXgimvf1cKDQI-z-7CfvFpi72nIHzRIHQAMQgHsIEb_GYM8jWrQfh0C0ick7DDddnx3TNrgtQ4YF5lQfS8kBnoxiiCtqMlg-MsHmYaK07-f0WQQ3LgFy2eOgRmJsX8QS7EolohrQ9eG8Ny_1ZIl_uIigpUKxWsDiGSma7I7im02LI3SbWDm3dOnFDII7iCZ-zhQv4vv-ytegxWl4mhRAeuAVLL2eGa4.cUv1Kjw2WG6jbjK-GRM7W3_J8LvA4-XBUyp0NEujBsM&dib_tag=se&keywords=table&qid=1718609970&sr=8-149,https://m.media-amazon.com/images/I/71BJlimbIrL.__AC_SX300_SY300_QL70_ML2_.jpg,table
"Seventable Nightstand with Charging Station, LED Bedside Table with Adjustable Fabric Drawer, Night Stand with Storage, 3-Tier Bed Side Table, End Table for Bedroom, Living Room, Greige",https://www.amazon.com/Seventable-Nightstand-Charging-Station-Adjustable/dp/B0CJ5BC5WT/ref=sr_1_150?dib=eyJ2IjoiMSJ9.o92J9d6g7SzTQUNVijaqffLyP-sz6SYorW7I3clcoTRP_4lPo6pJuE_CCDMBDcDiGYaOeSlfE3t1BXgimvf1cKDQI-z-7CfvFpi72nIHzRIHQAMQgHsIEb_GYM8jWrQfh0C0ick7DDddnx3TNrgtQ4YF5lQfS8kBnoxiiCtqMlg-MsHmYaK07-f0WQQ3LgFy2eOgRmJsX8QS7EolohrQ9eG8Ny_1ZIl_uIigpUKxWsDiGSma7I7im02LI3SbWDm3dOnFDII7iCZ-zhQv4vv-ytegxWl4mhRAeuAVLL2eGa4.cUv1Kjw2WG6jbjK-GRM7W3_J8LvA4-XBUyp0NEujBsM&dib_tag=se&keywords=table&qid=1718609970&sr=8-150,https://m.media-amazon.com/images/I/81g4QOn-ZML.__AC_SX300_SY300_QL70_ML2_.jpg,table
"35/39/47 Inch Computer Desk Home Office Desk Writing Study Table Modern Simple Style PC Desk with Metal Frame Gaming Desk Workstation for Small Space (Vintage, 39 inch)",https://www.amazon.com/Computer-Desk-Home-Office-Multi-Function/dp/B09SB6LHS1/ref=sr_1_151?dib=eyJ2IjoiMSJ9.o92J9d6g7SzTQUNVijaqffLyP-sz6SYorW7I3clcoTRP_4lPo6pJuE_CCDMBDcDiGYaOeSlfE3t1BXgimvf1cKDQI-z-7CfvFpi72nIHzRIHQAMQgHsIEb_GYM8jWrQfh0C0ick7DDddnx3TNrgtQ4YF5lQfS8kBnoxiiCtqMlg-MsHmYaK07-f0WQQ3LgFy2eOgRmJsX8QS7EolohrQ9eG8Ny_1ZIl_uIigpUKxWsDiGSma7I7im02LI3SbWDm3dOnFDII7iCZ-zhQv4vv-ytegxWl4mhRAeuAVLL2eGa4.cUv1Kjw2WG6jbjK-GRM7W3_J8LvA4-XBUyp0NEujBsM&dib_tag=se&keywords=table&qid=1718609970&sr=8-151,https://m.media-amazon.com/images/I/61-+sl0MtdL._AC_SY300_SX300_.jpg,table
"6 FT Granite White Folding Table with Easy- Carry Handle – Premium 6 Foot Folding Table Ideal for Camping, Picnic, Party or Home Use",https://www.amazon.com/Techni-Home-Granite-Folding-Handle/dp/B0CXB3TXS2/ref=sr_1_152?dib=eyJ2IjoiMSJ9.o92J9d6g7SzTQUNVijaqffLyP-sz6SYorW7I3clcoTRP_4lPo6pJuE_CCDMBDcDiGYaOeSlfE3t1BXgimvf1cKDQI-z-7CfvFpi72nIHzRIHQAMQgHsIEb_GYM8jWrQfh0C0ick7DDddnx3TNrgtQ4YF5lQfS8kBnoxiiCtqMlg-MsHmYaK07-f0WQQ3LgFy2eOgRmJsX8QS7EolohrQ9eG8Ny_1ZIl_uIigpUKxWsDiGSma7I7im02LI3SbWDm3dOnFDII7iCZ-zhQv4vv-ytegxWl4mhRAeuAVLL2eGa4.cUv1Kjw2WG6jbjK-GRM7W3_J8LvA4-XBUyp0NEujBsM&dib_tag=se&keywords=table&qid=1718609970&sr=8-152,https://m.media-amazon.com/images/I/618Y1-NjD2L.__AC_SX300_SY300_QL70_ML2_.jpg,table
"Household Essentials Coffee Table, Black Oak",https://www.amazon.com/Household-Essentials-Black-Round-Coffee/dp/B09RTQPK9Q/ref=sr_1_153?dib=eyJ2IjoiMSJ9.o92J9d6g7SzTQUNVijaqffLyP-sz6SYorW7I3clcoTRP_4lPo6pJuE_CCDMBDcDiGYaOeSlfE3t1BXgimvf1cKDQI-z-7CfvFpi72nIHzRIHQAMQgHsIEb_GYM8jWrQfh0C0ick7DDddnx3TNrgtQ4YF5lQfS8kBnoxiiCtqMlg-MsHmYaK07-f0WQQ3LgFy2eOgRmJsX8QS7EolohrQ9eG8Ny_1ZIl_uIigpUKxWsDiGSma7I7im02LI3SbWDm3dOnFDII7iCZ-zhQv4vv-ytegxWl4mhRAeuAVLL2eGa4.cUv1Kjw2WG6jbjK-GRM7W3_J8LvA4-XBUyp0NEujBsM&dib_tag=se&keywords=table&qid=1718609970&sr=8-153,https://m.media-amazon.com/images/I/71GucNE4iLL.__AC_SX300_SY300_QL70_ML2_.jpg,table
"Narrow 3-Tier End Table with Dual Sliding Drawer,Small Side Table for Small Spaces,Living Room,Bedroom,Wood Sofa Table with Storage,Skinny Bedside Table with Magazine Holder,Rustic Brown",https://www.amazon.com/koozuuyk-Sliding-Bedroom-Storage-Magazine/dp/B0CXD1DZJQ/ref=sr_1_154?dib=eyJ2IjoiMSJ9.o92J9d6g7SzTQUNVijaqffLyP-sz6SYorW7I3clcoTRP_4lPo6pJuE_CCDMBDcDiGYaOeSlfE3t1BXgimvf1cKDQI-z-7CfvFpi72nIHzRIHQAMQgHsIEb_GYM8jWrQfh0C0ick7DDddnx3TNrgtQ4YF5lQfS8kBnoxiiCtqMlg-MsHmYaK07-f0WQQ3LgFy2eOgRmJsX8QS7EolohrQ9eG8Ny_1ZIl_uIigpUKxWsDiGSma7I7im02LI3SbWDm3dOnFDII7iCZ-zhQv4vv-ytegxWl4mhRAeuAVLL2eGa4.cUv1Kjw2WG6jbjK-GRM7W3_J8LvA4-XBUyp0NEujBsM&dib_tag=se&keywords=table&qid=1718609970&sr=8-154,https://m.media-amazon.com/images/I/71wW0P+3USL._AC_SY300_SX300_.jpg,table
"Gizoon Kitchen Table and 2 Chairs for 4 with Bench, 4 Piece Dining Table Set for Small Space, Apartment",https://www.amazon.com/Gizoon-Kitchen-Chairs-Dining-Apartment/dp/B0B7LPQXKS/ref=sr_1_155?dib=eyJ2IjoiMSJ9.o92J9d6g7SzTQUNVijaqffLyP-sz6SYorW7I3clcoTRP_4lPo6pJuE_CCDMBDcDiGYaOeSlfE3t1BXgimvf1cKDQI-z-7CfvFpi72nIHzRIHQAMQgHsIEb_GYM8jWrQfh0C0ick7DDddnx3TNrgtQ4YF5lQfS8kBnoxiiCtqMlg-MsHmYaK07-f0WQQ3LgFy2eOgRmJsX8QS7EolohrQ9eG8Ny_1ZIl_uIigpUKxWsDiGSma7I7im02LI3SbWDm3dOnFDII7iCZ-zhQv4vv-ytegxWl4mhRAeuAVLL2eGa4.cUv1Kjw2WG6jbjK-GRM7W3_J8LvA4-XBUyp0NEujBsM&dib_tag=se&keywords=table&qid=1718609970&sr=8-155,https://m.media-amazon.com/images/I/61kE-j1GyTL.__AC_SY300_SX300_QL70_ML2_.jpg,table
"C Shaped End Table, Small Side Table with Storage Bag for Couch, Sofa Table with Metal Frame for Living Room and Bedroom Bedside, Rustic Brown ZER-007Br",https://www.amazon.com/ZERDER-Storage-Bedroom-Bedside-ZER-007Br/dp/B0CN6RXRSB/ref=sr_1_156?dib=eyJ2IjoiMSJ9.o92J9d6g7SzTQUNVijaqffLyP-sz6SYorW7I3clcoTRP_4lPo6pJuE_CCDMBDcDiGYaOeSlfE3t1BXgimvf1cKDQI-z-7CfvFpi72nIHzRIHQAMQgHsIEb_GYM8jWrQfh0C0ick7DDddnx3TNrgtQ4YF5lQfS8kBnoxiiCtqMlg-MsHmYaK07-f0WQQ3LgFy2eOgRmJsX8QS7EolohrQ9eG8Ny_1ZIl_uIigpUKxWsDiGSma7I7im02LI3SbWDm3dOnFDII7iCZ-zhQv4vv-ytegxWl4mhRAeuAVLL2eGa4.cUv1Kjw2WG6jbjK-GRM7W3_J8LvA4-XBUyp0NEujBsM&dib_tag=se&keywords=table&qid=1718609970&sr=8-156,https://m.media-amazon.com/images/I/61cZz7qakEL.__AC_SX300_SY300_QL70_ML2_.jpg,table
"WLIVE Nightstand, End Table with Fabric Storage Drawer and Open Wood Shelf, Bedside Furniture with Steel Frame, Side Table for Bedroom, Dorm, Easy Assembly, Black and Rustic Brown, 25"" Height",https://www.amazon.com/WLIVE-Nightstand-Storage-Furniture-Assembly/dp/B0C7BFS7ZW/ref=sr_1_157?dib=eyJ2IjoiMSJ9.o92J9d6g7SzTQUNVijaqffLyP-sz6SYorW7I3clcoTRP_4lPo6pJuE_CCDMBDcDiGYaOeSlfE3t1BXgimvf1cKDQI-z-7CfvFpi72nIHzRIHQAMQgHsIEb_GYM8jWrQfh0C0ick7DDddnx3TNrgtQ4YF5lQfS8kBnoxiiCtqMlg-MsHmYaK07-f0WQQ3LgFy2eOgRmJsX8QS7EolohrQ9eG8Ny_1ZIl_uIigpUKxWsDiGSma7I7im02LI3SbWDm3dOnFDII7iCZ-zhQv4vv-ytegxWl4mhRAeuAVLL2eGa4.cUv1Kjw2WG6jbjK-GRM7W3_J8LvA4-XBUyp0NEujBsM&dib_tag=se&keywords=table&qid=1718609970&sr=8-157,https://m.media-amazon.com/images/I/71wxB1x4KDL.__AC_SX300_SY300_QL70_ML2_.jpg,table
"Reversible L Shaped Gaming Desk with Power Outlets and USB Charging Ports, Sturdy Computer Desk with Storage Shelf, Modern Corner Desk Home Office Table, Easy to Assemble, Gray Oak",https://www.amazon.com/Hyomdeck-Reversible-Charging-Computer-Assemble/dp/B0CMQ6R8DW/ref=sr_1_158?dib=eyJ2IjoiMSJ9.o92J9d6g7SzTQUNVijaqffLyP-sz6SYorW7I3clcoTRP_4lPo6pJuE_CCDMBDcDiGYaOeSlfE3t1BXgimvf1cKDQI-z-7CfvFpi72nIHzRIHQAMQgHsIEb_GYM8jWrQfh0C0ick7DDddnx3TNrgtQ4YF5lQfS8kBnoxiiCtqMlg-MsHmYaK07-f0WQQ3LgFy2eOgRmJsX8QS7EolohrQ9eG8Ny_1ZIl_uIigpUKxWsDiGSma7I7im02LI3SbWDm3dOnFDII7iCZ-zhQv4vv-ytegxWl4mhRAeuAVLL2eGa4.cUv1Kjw2WG6jbjK-GRM7W3_J8LvA4-XBUyp0NEujBsM&dib_tag=se&keywords=table&qid=1718609970&sr=8-158,https://m.media-amazon.com/images/I/71UfHHWscIL.__AC_SX300_SY300_QL70_ML2_.jpg,table
"Side Table for Small Spaces,3 Tier End Table Under Desk Storage with Storage Shelf, Small Bedside Table,Nightstand for Living Room, Bedroom, Office,Grey",https://www.amazon.com/ZEXVIDA-Storage-Bedside-Nightstand-Hallway/dp/B0C7T997QR/ref=sr_1_164?dib=eyJ2IjoiMSJ9.o92J9d6g7SzTQUNVijaqffLyP-sz6SYorW7I3clcoTRP_4lPo6pJuE_CCDMBDcDiGYaOeSlfE3t1BXgimvf1cKDQI-z-7CfvFpi72nIHzRIHQAMQgHsIEb_GYM8jWrQfh0C0ick7DDddnx3TNrgtQ4YF5lQfS8kBnoxiiCtqMlg-MsHmYaK07-f0WQQ3LgFy2eOgRmJsX8QS7EolohrQ9eG8Ny_1ZIl_uIigpUKxWsDiGSma7I7im02LI3SbWDm3dOnFDII7iCZ-zhQv4vv-ytegxWl4mhRAeuAVLL2eGa4.cUv1Kjw2WG6jbjK-GRM7W3_J8LvA4-XBUyp0NEujBsM&dib_tag=se&keywords=table&qid=1718609970&sr=8-164,https://m.media-amazon.com/images/I/61XozpRFjeL.__AC_SX300_SY300_QL70_ML2_.jpg,table
"41"" Entryway Table | Traditional Narrow Console Table or Thin Sofa Table | Narrow Display Table for Hallway, Bedroom, Foyer, Living Room (41"", White)",https://www.amazon.com/Our-Modern-Space-Entryway-Traditional/dp/B0CZSLPLK8/ref=sr_1_168?dib=eyJ2IjoiMSJ9.o92J9d6g7SzTQUNVijaqffLyP-sz6SYorW7I3clcoTRP_4lPo6pJuE_CCDMBDcDiGYaOeSlfE3t1BXgimvf1cKDQI-z-7CfvFpi72nIHzRIHQAMQgHsIEb_GYM8jWrQfh0C0ick7DDddnx3TNrgtQ4YF5lQfS8kBnoxiiCtqMlg-MsHmYaK07-f0WQQ3LgFy2eOgRmJsX8QS7EolohrQ9eG8Ny_1ZIl_uIigpUKxWsDiGSma7I7im02LI3SbWDm3dOnFDII7iCZ-zhQv4vv-ytegxWl4mhRAeuAVLL2eGa4.cUv1Kjw2WG6jbjK-GRM7W3_J8LvA4-XBUyp0NEujBsM&dib_tag=se&keywords=table&qid=1718609970&sr=8-168,https://m.media-amazon.com/images/I/51PSxFWOkKL.__AC_SX300_SY300_QL70_ML2_.jpg,table
4FT 122cz Folding Table Portable Heavy Duty Plastic Fold-in-Half Utility Foldable Table White,https://www.amazon.com/EDEBIBY-Portable-Foldable-Party180-black-122/dp/B0BX3S3R36/ref=sr_1_169?dib=eyJ2IjoiMSJ9.o92J9d6g7SzTQUNVijaqffLyP-sz6SYorW7I3clcoTRP_4lPo6pJuE_CCDMBDcDiGYaOeSlfE3t1BXgimvf1cKDQI-z-7CfvFpi72nIHzRIHQAMQgHsIEb_GYM8jWrQfh0C0ick7DDddnx3TNrgtQ4YF5lQfS8kBnoxiiCtqMlg-MsHmYaK07-f0WQQ3LgFy2eOgRmJsX8QS7EolohrQ9eG8Ny_1ZIl_uIigpUKxWsDiGSma7I7im02LI3SbWDm3dOnFDII7iCZ-zhQv4vv-ytegxWl4mhRAeuAVLL2eGa4.cUv1Kjw2WG6jbjK-GRM7W3_J8LvA4-XBUyp0NEujBsM&dib_tag=se&keywords=table&qid=1718609970&sr=8-169,https://m.media-amazon.com/images/I/51RMnoQ8SCL.__AC_SY300_SX300_QL70_ML2_.jpg,table
"2 Pack 6FT Table Cloth for Rectangle Table Black Tablecloth Rectangular Fitted Stretch Spandex Table Covers 6 ft for Birthday, Cocktail, Wedding, Banquet Graduation Outdoor Party",https://www.amazon.com/IOFRYION-Rectangular-Tablecloth-Tablecloths-Protector/dp/B0BZS54JBT/ref=sr_1_171?dib=eyJ2IjoiMSJ9.o92J9d6g7SzTQUNVijaqffLyP-sz6SYorW7I3clcoTRP_4lPo6pJuE_CCDMBDcDiGYaOeSlfE3t1BXgimvf1cKDQI-z-7CfvFpi72nIHzRIHQAMQgHsIEb_GYM8jWrQfh0C0ick7DDddnx3TNrgtQ4YF5lQfS8kBnoxiiCtqMlg-MsHmYaK07-f0WQQ3LgFy2eOgRmJsX8QS7EolohrQ9eG8Ny_1ZIl_uIigpUKxWsDiGSma7I7im02LI3SbWDm3dOnFDII7iCZ-zhQv4vv-ytegxWl4mhRAeuAVLL2eGa4.cUv1Kjw2WG6jbjK-GRM7W3_J8LvA4-XBUyp0NEujBsM&dib_tag=se&keywords=table&qid=1718609970&sr=8-171,https://m.media-amazon.com/images/I/511z+YQVPOL._AC_SY300_SX300_.jpg,table
"smusei Drink Tables for Small Spaces Pedestal Side Table with Adjustable Base Round Side Table Small Drink Table for Living Room Sofa Patio Couch Chair, Black",https://www.amazon.com/smusei-Tables-Spaces-Pedestal-Adjustable/dp/B0CM5JVTHW/ref=sr_1_172?dib=eyJ2IjoiMSJ9.o92J9d6g7SzTQUNVijaqffLyP-sz6SYorW7I3clcoTRP_4lPo6pJuE_CCDMBDcDiGYaOeSlfE3t1BXgimvf1cKDQI-z-7CfvFpi72nIHzRIHQAMQgHsIEb_GYM8jWrQfh0C0ick7DDddnx3TNrgtQ4YF5lQfS8kBnoxiiCtqMlg-MsHmYaK07-f0WQQ3LgFy2eOgRmJsX8QS7EolohrQ9eG8Ny_1ZIl_uIigpUKxWsDiGSma7I7im02LI3SbWDm3dOnFDII7iCZ-zhQv4vv-ytegxWl4mhRAeuAVLL2eGa4.cUv1Kjw2WG6jbjK-GRM7W3_J8LvA4-XBUyp0NEujBsM&dib_tag=se&keywords=table&qid=1718609970&sr=8-172,https://m.media-amazon.com/images/I/91PpMmP8L2L.__AC_SX300_SY300_QL70_ML2_.jpg,table
"HOOBRO C Shaped End Table, Tempered Glass Snack Side Table with Metal Frame, TV Tray Table for Small Space, Sofa Couch and Bed, Modern Style, Black BK03SF01",https://www.amazon.com/HOOBRO-Shaped-Tempered-Modern-BK03SF01/dp/B09X39TT9Z/ref=sr_1_176?dib=eyJ2IjoiMSJ9.o92J9d6g7SzTQUNVijaqffLyP-sz6SYorW7I3clcoTRP_4lPo6pJuE_CCDMBDcDiGYaOeSlfE3t1BXgimvf1cKDQI-z-7CfvFpi72nIHzRIHQAMQgHsIEb_GYM8jWrQfh0C0ick7DDddnx3TNrgtQ4YF5lQfS8kBnoxiiCtqMlg-MsHmYaK07-f0WQQ3LgFy2eOgRmJsX8QS7EolohrQ9eG8Ny_1ZIl_uIigpUKxWsDiGSma7I7im02LI3SbWDm3dOnFDII7iCZ-zhQv4vv-ytegxWl4mhRAeuAVLL2eGa4.cUv1Kjw2WG6jbjK-GRM7W3_J8LvA4-XBUyp0NEujBsM&dib_tag=se&keywords=table&qid=1718609970&sr=8-176,https://m.media-amazon.com/images/I/511scASWuEL.__AC_SX300_SY300_QL70_ML2_.jpg,table
"Drink Table, Carved Table Top Martini Table, Small Side Table, Weighted Base Pedestal Table for Living Room, Bedroom, Bathroom, Brown",https://www.amazon.com/COVLON-Martini-Weighted-Pedestal-Bathroom/dp/B0CP5K6P11/ref=sr_1_177?dib=eyJ2IjoiMSJ9.o92J9d6g7SzTQUNVijaqffLyP-sz6SYorW7I3clcoTRP_4lPo6pJuE_CCDMBDcDiGYaOeSlfE3t1BXgimvf1cKDQI-z-7CfvFpi72nIHzRIHQAMQgHsIEb_GYM8jWrQfh0C0ick7DDddnx3TNrgtQ4YF5lQfS8kBnoxiiCtqMlg-MsHmYaK07-f0WQQ3LgFy2eOgRmJsX8QS7EolohrQ9eG8Ny_1ZIl_uIigpUKxWsDiGSma7I7im02LI3SbWDm3dOnFDII7iCZ-zhQv4vv-ytegxWl4mhRAeuAVLL2eGa4.cUv1Kjw2WG6jbjK-GRM7W3_J8LvA4-XBUyp0NEujBsM&dib_tag=se&keywords=table&qid=1718609970&sr=8-177,https://m.media-amazon.com/images/I/81-a-LovHVL.__AC_SX300_SY300_QL70_ML2_.jpg,table
"WLIVE End Tables Living Room, 3-Tier Side Tables Bedroom, Narrow Side Table for Couch, Rustic Brown",https://www.amazon.com/WLIVE-Adjustable-Bedside-Nightstand-Bedroom/dp/B0CC2G2G9M/ref=sr_1_179?dib=eyJ2IjoiMSJ9.o92J9d6g7SzTQUNVijaqffLyP-sz6SYorW7I3clcoTRP_4lPo6pJuE_CCDMBDcDiGYaOeSlfE3t1BXgimvf1cKDQI-z-7CfvFpi72nIHzRIHQAMQgHsIEb_GYM8jWrQfh0C0ick7DDddnx3TNrgtQ4YF5lQfS8kBnoxiiCtqMlg-MsHmYaK07-f0WQQ3LgFy2eOgRmJsX8QS7EolohrQ9eG8Ny_1ZIl_uIigpUKxWsDiGSma7I7im02LI3SbWDm3dOnFDII7iCZ-zhQv4vv-ytegxWl4mhRAeuAVLL2eGa4.cUv1Kjw2WG6jbjK-GRM7W3_J8LvA4-XBUyp0NEujBsM&dib_tag=se&keywords=table&qid=1718609970&sr=8-179,https://m.media-amazon.com/images/I/71PHDYqUogL.__AC_SX300_SY300_QL70_ML2_.jpg,table
"Nathan James Amalia Round Marble Bistro Dining Table with Legs in Wood Finish and Faux White Carrara Marble Table Top, Antique Coffee",https://www.amazon.com/Nathan-James-Amalia-Carrara-Antique/dp/B07YSKVWNT/ref=sr_1_181?dib=eyJ2IjoiMSJ9.o92J9d6g7SzTQUNVijaqffLyP-sz6SYorW7I3clcoTRP_4lPo6pJuE_CCDMBDcDiGYaOeSlfE3t1BXgimvf1cKDQI-z-7CfvFpi72nIHzRIHQAMQgHsIEb_GYM8jWrQfh0C0ick7DDddnx3TNrgtQ4YF5lQfS8kBnoxiiCtqMlg-MsHmYaK07-f0WQQ3LgFy2eOgRmJsX8QS7EolohrQ9eG8Ny_1ZIl_uIigpUKxWsDiGSma7I7im02LI3SbWDm3dOnFDII7iCZ-zhQv4vv-ytegxWl4mhRAeuAVLL2eGa4.cUv1Kjw2WG6jbjK-GRM7W3_J8LvA4-XBUyp0NEujBsM&dib_tag=se&keywords=table&qid=1718609970&sr=8-181,https://m.media-amazon.com/images/I/81lWh-TbpuL.__AC_SX300_SY300_QL70_ML2_.jpg,table
"Snughome 31.5"" Narrow Console Table with Power Outlets, Entryway Table with 3-Tier Storage Shelves, Sofa Table with USB Ports, Hallway Table for Living Room, Entrance, Hallway, Couch, Corridor",https://www.amazon.com/Snughome-Console-Outlets-Entryway-Storage/dp/B0CDBYL1XV/ref=sr_1_183?dib=eyJ2IjoiMSJ9.o92J9d6g7SzTQUNVijaqffLyP-sz6SYorW7I3clcoTRP_4lPo6pJuE_CCDMBDcDiGYaOeSlfE3t1BXgimvf1cKDQI-z-7CfvFpi72nIHzRIHQAMQgHsIEb_GYM8jWrQfh0C0ick7DDddnx3TNrgtQ4YF5lQfS8kBnoxiiCtqMlg-MsHmYaK07-f0WQQ3LgFy2eOgRmJsX8QS7EolohrQ9eG8Ny_1ZIl_uIigpUKxWsDiGSma7I7im02LI3SbWDm3dOnFDII7iCZ-zhQv4vv-ytegxWl4mhRAeuAVLL2eGa4.cUv1Kjw2WG6jbjK-GRM7W3_J8LvA4-XBUyp0NEujBsM&dib_tag=se&keywords=table&qid=1718609970&sr=8-183,https://m.media-amazon.com/images/I/71j6DuNg1+L._AC_SY300_SX300_.jpg,table
Nightstand with Charging Station End Table with USB Ports and Power Outlets Side Tables Bedroom with Storage Shelves Industrial End Table 3 Tier USB Bedside Tables in Living Room Farmhouse Brown,https://www.amazon.com/Nightstand-Charging-Station-Industrial-Farmhouse/dp/B0BFJGJHDL/ref=sr_1_187?dib=eyJ2IjoiMSJ9.o92J9d6g7SzTQUNVijaqffLyP-sz6SYorW7I3clcoTRP_4lPo6pJuE_CCDMBDcDiGYaOeSlfE3t1BXgimvf1cKDQI-z-7CfvFpi72nIHzRIHQAMQgHsIEb_GYM8jWrQfh0C0ick7DDddnx3TNrgtQ4YF5lQfS8kBnoxiiCtqMlg-MsHmYaK07-f0WQQ3LgFy2eOgRmJsX8QS7EolohrQ9eG8Ny_1ZIl_uIigpUKxWsDiGSma7I7im02LI3SbWDm3dOnFDII7iCZ-zhQv4vv-ytegxWl4mhRAeuAVLL2eGa4.cUv1Kjw2WG6jbjK-GRM7W3_J8LvA4-XBUyp0NEujBsM&dib_tag=se&keywords=table&qid=1718609970&sr=8-187,https://m.media-amazon.com/images/I/7167Y8oSobL.__AC_SX300_SY300_QL70_ML2_.jpg,table
"Small Round End Table, 2 Tier Round Side Table with Storage Basket,11.8”D*17.8”H Small Round Table,Sofa Side Table,Small Round Nightstand for Living Room Bedroom",https://www.amazon.com/LEMONDA-Storage-17-8inch-Nightstand-Bedroom/dp/B0BWRR4JJD/ref=sr_1_191?dib=eyJ2IjoiMSJ9.o92J9d6g7SzTQUNVijaqffLyP-sz6SYorW7I3clcoTRP_4lPo6pJuE_CCDMBDcDiGYaOeSlfE3t1BXgimvf1cKDQI-z-7CfvFpi72nIHzRIHQAMQgHsIEb_GYM8jWrQfh0C0ick7DDddnx3TNrgtQ4YF5lQfS8kBnoxiiCtqMlg-MsHmYaK07-f0WQQ3LgFy2eOgRmJsX8QS7EolohrQ9eG8Ny_1ZIl_uIigpUKxWsDiGSma7I7im02LI3SbWDm3dOnFDII7iCZ-zhQv4vv-ytegxWl4mhRAeuAVLL2eGa4.cUv1Kjw2WG6jbjK-GRM7W3_J8LvA4-XBUyp0NEujBsM&dib_tag=se&keywords=table&qid=1718609970&sr=8-191,https://m.media-amazon.com/images/I/61FJCDBFz0L.__AC_SX300_SY300_QL70_ML2_.jpg,table
"C Shaped End Table with Charging Station, Small Side Table for Living Room Bedroom, C Table Sofa Table with USB Ports and Outlets for Small Space, Couch Side Table with Storage, White MSF01UWT",https://www.amazon.com/CHOEZON-End-Table-Charging-MSF01UWT/dp/B0CNKF6Y9F/ref=sr_1_192?dib=eyJ2IjoiMSJ9.o92J9d6g7SzTQUNVijaqffLyP-sz6SYorW7I3clcoTRP_4lPo6pJuE_CCDMBDcDiGYaOeSlfE3t1BXgimvf1cKDQI-z-7CfvFpi72nIHzRIHQAMQgHsIEb_GYM8jWrQfh0C0ick7DDddnx3TNrgtQ4YF5lQfS8kBnoxiiCtqMlg-MsHmYaK07-f0WQQ3LgFy2eOgRmJsX8QS7EolohrQ9eG8Ny_1ZIl_uIigpUKxWsDiGSma7I7im02LI3SbWDm3dOnFDII7iCZ-zhQv4vv-ytegxWl4mhRAeuAVLL2eGa4.cUv1Kjw2WG6jbjK-GRM7W3_J8LvA4-XBUyp0NEujBsM&dib_tag=se&keywords=table&qid=1718609970&sr=8-192,https://m.media-amazon.com/images/I/819QYRkQH4L.__AC_SX300_SY300_QL70_ML2_.jpg,table
"WLIVE Side Table, C Shaped End Table for Couch, Sofa and Bed, Large Desktop C Table for Living Room, Bedroom, Gray and Black",https://www.amazon.com/WLIVE-Snack-Table-Shaped-Couch/dp/B07HCBR1Y1/ref=sr_1_197?dib=eyJ2IjoiMSJ9.RZZUJEwPhL1k5YL8YR35TsO9uIGjjN6dmtaXpL3KHG9iWIqPcBBG7uicz4PIn66hPFj76yLmAFt_jzbS7v2YP4UvmF_pf4mvM7ol21AIlhMI9xA6j2ml41HIfA4FGvITTd14MPsU_VCXzKL5xSuahI0IZKY0rPSzEVeN4uJUvH8tes1sJ8iTzlyveycycYcqGjDiaCMhjI24dO0EjABM-TMQKJYmZPqZRjyE_lsAMPUb2XDqikeSydHQum_zdONTTvzHyNSwduw9F7Ba9nJRR510yt91wKnoyLYiX7znNGE.HMPvmxeD1W10n-2CaSK2LZxPeq7x22NejJtZc0XEBYs&dib_tag=se&keywords=table&qid=1718609972&sr=8-197,https://m.media-amazon.com/images/I/61sJDNqkb8L.__AC_SX300_SY300_QL70_ML2_.jpg,table
"smusei Drink Tables for Small Spaces Pedestal Side Table with Adjustable Base Round Side Table Small Drink Table for Living Room Sofa Patio Couch Chair, Black",https://www.amazon.com/smusei-Tables-Spaces-Pedestal-Adjustable/dp/B0CM5JVTHW/ref=sr_1_198?dib=eyJ2IjoiMSJ9.RZZUJEwPhL1k5YL8YR35TsO9uIGjjN6dmtaXpL3KHG9iWIqPcBBG7uicz4PIn66hPFj76yLmAFt_jzbS7v2YP4UvmF_pf4mvM7ol21AIlhMI9xA6j2ml41HIfA4FGvITTd14MPsU_VCXzKL5xSuahI0IZKY0rPSzEVeN4uJUvH8tes1sJ8iTzlyveycycYcqGjDiaCMhjI24dO0EjABM-TMQKJYmZPqZRjyE_lsAMPUb2XDqikeSydHQum_zdONTTvzHyNSwduw9F7Ba9nJRR510yt91wKnoyLYiX7znNGE.HMPvmxeD1W10n-2CaSK2LZxPeq7x22NejJtZc0XEBYs&dib_tag=se&keywords=table&qid=1718609972&sr=8-198,https://m.media-amazon.com/images/I/91x6IvY6XWL._AC_SY300_SX300_.jpg,table
"Household Essentials Wooden Side End Table with Storage Shelf | Slate Faux Concrete, Grey",https://www.amazon.com/Household-Essentials-Wooden-Storage-Concrete/dp/B08BFD4KTC/ref=sr_1_199?dib=eyJ2IjoiMSJ9.RZZUJEwPhL1k5YL8YR35TsO9uIGjjN6dmtaXpL3KHG9iWIqPcBBG7uicz4PIn66hPFj76yLmAFt_jzbS7v2YP4UvmF_pf4mvM7ol21AIlhMI9xA6j2ml41HIfA4FGvITTd14MPsU_VCXzKL5xSuahI0IZKY0rPSzEVeN4uJUvH8tes1sJ8iTzlyveycycYcqGjDiaCMhjI24dO0EjABM-TMQKJYmZPqZRjyE_lsAMPUb2XDqikeSydHQum_zdONTTvzHyNSwduw9F7Ba9nJRR510yt91wKnoyLYiX7znNGE.HMPvmxeD1W10n-2CaSK2LZxPeq7x22NejJtZc0XEBYs&dib_tag=se&keywords=table&qid=1718609972&sr=8-199,https://m.media-amazon.com/images/I/61SysAPYmPL.__AC_SX300_SY300_QL70_ML2_.jpg,table
"WLIVE Nightstand, End Table with Fabric Storage Drawer and Open Wood Shelf, Bedside Furniture with Steel Frame, Side Table for Bedroom, Dorm, Easy Assembly, Black and Rustic Brown, 25"" Height",https://www.amazon.com/WLIVE-Nightstand-Storage-Furniture-Assembly/dp/B0C7BFS7ZW/ref=sr_1_201?dib=eyJ2IjoiMSJ9.RZZUJEwPhL1k5YL8YR35TsO9uIGjjN6dmtaXpL3KHG9iWIqPcBBG7uicz4PIn66hPFj76yLmAFt_jzbS7v2YP4UvmF_pf4mvM7ol21AIlhMI9xA6j2ml41HIfA4FGvITTd14MPsU_VCXzKL5xSuahI0IZKY0rPSzEVeN4uJUvH8tes1sJ8iTzlyveycycYcqGjDiaCMhjI24dO0EjABM-TMQKJYmZPqZRjyE_lsAMPUb2XDqikeSydHQum_zdONTTvzHyNSwduw9F7Ba9nJRR510yt91wKnoyLYiX7znNGE.HMPvmxeD1W10n-2CaSK2LZxPeq7x22NejJtZc0XEBYs&dib_tag=se&keywords=table&qid=1718609972&sr=8-201,https://m.media-amazon.com/images/I/71wxB1x4KDL.__AC_SX300_SY300_QL70_ML2_.jpg,table
"Signature Design by Ashley Kimonte Rectangular Dining Room Table, Black",https://www.amazon.com/Ashley-Furniture-Signature-Design-Rectangular/dp/B01ERJGNF0/ref=sr_1_203?dib=eyJ2IjoiMSJ9.RZZUJEwPhL1k5YL8YR35TsO9uIGjjN6dmtaXpL3KHG9iWIqPcBBG7uicz4PIn66hPFj76yLmAFt_jzbS7v2YP4UvmF_pf4mvM7ol21AIlhMI9xA6j2ml41HIfA4FGvITTd14MPsU_VCXzKL5xSuahI0IZKY0rPSzEVeN4uJUvH8tes1sJ8iTzlyveycycYcqGjDiaCMhjI24dO0EjABM-TMQKJYmZPqZRjyE_lsAMPUb2XDqikeSydHQum_zdONTTvzHyNSwduw9F7Ba9nJRR510yt91wKnoyLYiX7znNGE.HMPvmxeD1W10n-2CaSK2LZxPeq7x22NejJtZc0XEBYs&dib_tag=se&keywords=table&qid=1718609972&sr=8-203,https://m.media-amazon.com/images/I/61p6dSQPDqL.__AC_SY300_SX300_QL70_ML2_.jpg,table
"Decent End/Side Tables - Small Round Accent Table, Metal Black Narrow Night Stands with 3 Legs, Ideal for Any Room-Side Tables Living Room, Bedroom, Tall Plant Stand Balcony, Indoor & Outdoor",https://www.amazon.com/Decent-End-Side-Tables-Room-Side/dp/B0CGZXN7KR/ref=sr_1_205?dib=eyJ2IjoiMSJ9.RZZUJEwPhL1k5YL8YR35TsO9uIGjjN6dmtaXpL3KHG9iWIqPcBBG7uicz4PIn66hPFj76yLmAFt_jzbS7v2YP4UvmF_pf4mvM7ol21AIlhMI9xA6j2ml41HIfA4FGvITTd14MPsU_VCXzKL5xSuahI0IZKY0rPSzEVeN4uJUvH8tes1sJ8iTzlyveycycYcqGjDiaCMhjI24dO0EjABM-TMQKJYmZPqZRjyE_lsAMPUb2XDqikeSydHQum_zdONTTvzHyNSwduw9F7Ba9nJRR510yt91wKnoyLYiX7znNGE.HMPvmxeD1W10n-2CaSK2LZxPeq7x22NejJtZc0XEBYs&dib_tag=se&keywords=table&qid=1718609972&sr=8-205,https://m.media-amazon.com/images/I/61yMp5Iqq9L.__AC_SX300_SY300_QL70_ML2_.jpg,table
"smusei Drink Tables for Small Spaces Pedestal Side Table with Marble Base Small Round Side Table Black Coffee Table for Sofa Couch Chair Patio, Black",https://www.amazon.com/smusei-Tables-Spaces-Pedestal-Marble/dp/B0CJTCWXX6/ref=sr_1_207?dib=eyJ2IjoiMSJ9.RZZUJEwPhL1k5YL8YR35TsO9uIGjjN6dmtaXpL3KHG9iWIqPcBBG7uicz4PIn66hPFj76yLmAFt_jzbS7v2YP4UvmF_pf4mvM7ol21AIlhMI9xA6j2ml41HIfA4FGvITTd14MPsU_VCXzKL5xSuahI0IZKY0rPSzEVeN4uJUvH8tes1sJ8iTzlyveycycYcqGjDiaCMhjI24dO0EjABM-TMQKJYmZPqZRjyE_lsAMPUb2XDqikeSydHQum_zdONTTvzHyNSwduw9F7Ba9nJRR510yt91wKnoyLYiX7znNGE.HMPvmxeD1W10n-2CaSK2LZxPeq7x22NejJtZc0XEBYs&dib_tag=se&keywords=table&qid=1718609972&sr=8-207,https://m.media-amazon.com/images/I/71BcMN8YFdL.__AC_SX300_SY300_QL70_ML2_.jpg,table
"Hoctieon 2 Tier End Table, Sofa Side Table, Narrow Side Table with Storage, Slim Nightstand for Small Spaces, Metal Frame, for Living Room, Bedroom, Sofa Couch, Hall, Rustic Brown",https://www.amazon.com/Hoctieon-Narrow-Storage-Nightstand-Bedroom/dp/B0BNVC5D4X/ref=sr_1_208?dib=eyJ2IjoiMSJ9.RZZUJEwPhL1k5YL8YR35TsO9uIGjjN6dmtaXpL3KHG9iWIqPcBBG7uicz4PIn66hPFj76yLmAFt_jzbS7v2YP4UvmF_pf4mvM7ol21AIlhMI9xA6j2ml41HIfA4FGvITTd14MPsU_VCXzKL5xSuahI0IZKY0rPSzEVeN4uJUvH8tes1sJ8iTzlyveycycYcqGjDiaCMhjI24dO0EjABM-TMQKJYmZPqZRjyE_lsAMPUb2XDqikeSydHQum_zdONTTvzHyNSwduw9F7Ba9nJRR510yt91wKnoyLYiX7znNGE.HMPvmxeD1W10n-2CaSK2LZxPeq7x22NejJtZc0XEBYs&dib_tag=se&keywords=table&qid=1718609972&sr=8-208,https://m.media-amazon.com/images/I/71lR+TwQHAL._AC_SY300_SX300_.jpg,table
"Side Table, 14"" Round End Table, Unique Relief Ceramic Tile Tabletop with Metal Frame, Metal Scrollwork Accent Table, Coffee Tea Table Nightstand for Living Room, Bedroom, Indoor Outdoor Use",https://www.amazon.com/Ceramic-Tabletop-Scrollwork-Nightstand-Bedroom/dp/B0CHS7ST96/ref=sr_1_210?dib=eyJ2IjoiMSJ9.RZZUJEwPhL1k5YL8YR35TsO9uIGjjN6dmtaXpL3KHG9iWIqPcBBG7uicz4PIn66hPFj76yLmAFt_jzbS7v2YP4UvmF_pf4mvM7ol21AIlhMI9xA6j2ml41HIfA4FGvITTd14MPsU_VCXzKL5xSuahI0IZKY0rPSzEVeN4uJUvH8tes1sJ8iTzlyveycycYcqGjDiaCMhjI24dO0EjABM-TMQKJYmZPqZRjyE_lsAMPUb2XDqikeSydHQum_zdONTTvzHyNSwduw9F7Ba9nJRR510yt91wKnoyLYiX7znNGE.HMPvmxeD1W10n-2CaSK2LZxPeq7x22NejJtZc0XEBYs&dib_tag=se&keywords=table&qid=1718609972&sr=8-210,https://m.media-amazon.com/images/I/61ig9a2ZS8L.__AC_SX300_SY300_QL70_ML2_.jpg,table
"ZenStyle Industrial Coffee Table with Storage Shelf for Living Room, Wood Look Accent Furniture with Vintage Wooden Board Stable Metal Frame Cocktail Table 2-Tier Tea Table, Rustic Brown",https://www.amazon.com/ZenStyle-Industrial-Furniture-Cocktail-Assembly/dp/B08NFBSC1F/ref=sr_1_212?dib=eyJ2IjoiMSJ9.RZZUJEwPhL1k5YL8YR35TsO9uIGjjN6dmtaXpL3KHG9iWIqPcBBG7uicz4PIn66hPFj76yLmAFt_jzbS7v2YP4UvmF_pf4mvM7ol21AIlhMI9xA6j2ml41HIfA4FGvITTd14MPsU_VCXzKL5xSuahI0IZKY0rPSzEVeN4uJUvH8tes1sJ8iTzlyveycycYcqGjDiaCMhjI24dO0EjABM-TMQKJYmZPqZRjyE_lsAMPUb2XDqikeSydHQum_zdONTTvzHyNSwduw9F7Ba9nJRR510yt91wKnoyLYiX7znNGE.HMPvmxeD1W10n-2CaSK2LZxPeq7x22NejJtZc0XEBYs&dib_tag=se&keywords=table&qid=1718609972&sr=8-212,https://m.media-amazon.com/images/I/818QPSEIyKL.__AC_SX300_SY300_QL70_ML2_.jpg,table
"WLIVE Round Coffee Table, Living Room Table with 2-Tier Storage Shelf,32in Wood Modern Coffee Table with Metal Frame and Wood Desktop,Easy Assembly,Charcoal Black.",https://www.amazon.com/WLIVE-Storage-Desktop-Assembly-Charcoal/dp/B0B8N5HHG4/ref=sr_1_213?dib=eyJ2IjoiMSJ9.RZZUJEwPhL1k5YL8YR35TsO9uIGjjN6dmtaXpL3KHG9iWIqPcBBG7uicz4PIn66hPFj76yLmAFt_jzbS7v2YP4UvmF_pf4mvM7ol21AIlhMI9xA6j2ml41HIfA4FGvITTd14MPsU_VCXzKL5xSuahI0IZKY0rPSzEVeN4uJUvH8tes1sJ8iTzlyveycycYcqGjDiaCMhjI24dO0EjABM-TMQKJYmZPqZRjyE_lsAMPUb2XDqikeSydHQum_zdONTTvzHyNSwduw9F7Ba9nJRR510yt91wKnoyLYiX7znNGE.HMPvmxeD1W10n-2CaSK2LZxPeq7x22NejJtZc0XEBYs&dib_tag=se&keywords=table&qid=1718609972&sr=8-213,https://m.media-amazon.com/images/I/71MzEMHIxDL.__AC_SX300_SY300_QL70_ML2_.jpg,table
"Drink Table, Carved Table Top Martini Table, Small Side Table, Weighted Base Pedestal Table for Living Room, Bedroom, Bathroom, Brown",https://www.amazon.com/COVLON-Martini-Weighted-Pedestal-Bathroom/dp/B0CP5K6P11/ref=sr_1_216?dib=eyJ2IjoiMSJ9.RZZUJEwPhL1k5YL8YR35TsO9uIGjjN6dmtaXpL3KHG9iWIqPcBBG7uicz4PIn66hPFj76yLmAFt_jzbS7v2YP4UvmF_pf4mvM7ol21AIlhMI9xA6j2ml41HIfA4FGvITTd14MPsU_VCXzKL5xSuahI0IZKY0rPSzEVeN4uJUvH8tes1sJ8iTzlyveycycYcqGjDiaCMhjI24dO0EjABM-TMQKJYmZPqZRjyE_lsAMPUb2XDqikeSydHQum_zdONTTvzHyNSwduw9F7Ba9nJRR510yt91wKnoyLYiX7znNGE.HMPvmxeD1W10n-2CaSK2LZxPeq7x22NejJtZc0XEBYs&dib_tag=se&keywords=table&qid=1718609972&sr=8-216,https://m.media-amazon.com/images/I/81-a-LovHVL.__AC_SX300_SY300_QL70_ML2_.jpg,table
"Farmhouse C Table Couch End Table, Rustic Distressed Beaded Edge Tray Top Sofa Snack Side Table, Gold",https://www.amazon.com/COZAYH-Farmhouse-Rustic-Distressed-F031010-1/dp/B09WHWYPDT/ref=sr_1_217?dib=eyJ2IjoiMSJ9.RZZUJEwPhL1k5YL8YR35TsO9uIGjjN6dmtaXpL3KHG9iWIqPcBBG7uicz4PIn66hPFj76yLmAFt_jzbS7v2YP4UvmF_pf4mvM7ol21AIlhMI9xA6j2ml41HIfA4FGvITTd14MPsU_VCXzKL5xSuahI0IZKY0rPSzEVeN4uJUvH8tes1sJ8iTzlyveycycYcqGjDiaCMhjI24dO0EjABM-TMQKJYmZPqZRjyE_lsAMPUb2XDqikeSydHQum_zdONTTvzHyNSwduw9F7Ba9nJRR510yt91wKnoyLYiX7znNGE.HMPvmxeD1W10n-2CaSK2LZxPeq7x22NejJtZc0XEBYs&dib_tag=se&keywords=table&qid=1718609972&sr=8-217,https://m.media-amazon.com/images/I/91ksao66feL.__AC_SX300_SY300_QL70_ML2_.jpg,table
"Nathan James Amalia Round Marble Bistro Dining Table with Legs in Wood Finish and Faux White Carrara Marble Table Top, Antique Coffee",https://www.amazon.com/Nathan-James-Amalia-Carrara-Antique/dp/B07YSKVWNT/ref=sr_1_219?dib=eyJ2IjoiMSJ9.RZZUJEwPhL1k5YL8YR35TsO9uIGjjN6dmtaXpL3KHG9iWIqPcBBG7uicz4PIn66hPFj76yLmAFt_jzbS7v2YP4UvmF_pf4mvM7ol21AIlhMI9xA6j2ml41HIfA4FGvITTd14MPsU_VCXzKL5xSuahI0IZKY0rPSzEVeN4uJUvH8tes1sJ8iTzlyveycycYcqGjDiaCMhjI24dO0EjABM-TMQKJYmZPqZRjyE_lsAMPUb2XDqikeSydHQum_zdONTTvzHyNSwduw9F7Ba9nJRR510yt91wKnoyLYiX7znNGE.HMPvmxeD1W10n-2CaSK2LZxPeq7x22NejJtZc0XEBYs&dib_tag=se&keywords=table&qid=1718609972&sr=8-219,https://m.media-amazon.com/images/I/81lWh-TbpuL.__AC_SX300_SY300_QL70_ML2_.jpg,table
"Console Table, 27"" Narrow Behind Sofa Table, Tempered Glass Entryway Table with Metal Frame, Adjustable Feet, Industrial Style, for Entrance, Living Room, Hallway, Balcony, Black CTH68B01",https://www.amazon.com/MAHANCRIS-Tempered-Adjustable-Industrial-CTH68B01/dp/B0BSLFVK64/ref=sr_1_220?dib=eyJ2IjoiMSJ9.RZZUJEwPhL1k5YL8YR35TsO9uIGjjN6dmtaXpL3KHG9iWIqPcBBG7uicz4PIn66hPFj76yLmAFt_jzbS7v2YP4UvmF_pf4mvM7ol21AIlhMI9xA6j2ml41HIfA4FGvITTd14MPsU_VCXzKL5xSuahI0IZKY0rPSzEVeN4uJUvH8tes1sJ8iTzlyveycycYcqGjDiaCMhjI24dO0EjABM-TMQKJYmZPqZRjyE_lsAMPUb2XDqikeSydHQum_zdONTTvzHyNSwduw9F7Ba9nJRR510yt91wKnoyLYiX7znNGE.HMPvmxeD1W10n-2CaSK2LZxPeq7x22NejJtZc0XEBYs&dib_tag=se&keywords=table&qid=1718609972&sr=8-220,https://m.media-amazon.com/images/I/51LZFuEokGL.__AC_SX300_SY300_QL70_ML2_.jpg,table
"C Shaped End Table Side Table of 2, Small Sofa Table with Metal Frame for Living Room Bedroom Small Spaces (Grey)",https://www.amazon.com/LAKEMID-Shaped-Living-Bedroom-Spaces/dp/B0BRZDTW13/ref=sr_1_221?dib=eyJ2IjoiMSJ9.RZZUJEwPhL1k5YL8YR35TsO9uIGjjN6dmtaXpL3KHG9iWIqPcBBG7uicz4PIn66hPFj76yLmAFt_jzbS7v2YP4UvmF_pf4mvM7ol21AIlhMI9xA6j2ml41HIfA4FGvITTd14MPsU_VCXzKL5xSuahI0IZKY0rPSzEVeN4uJUvH8tes1sJ8iTzlyveycycYcqGjDiaCMhjI24dO0EjABM-TMQKJYmZPqZRjyE_lsAMPUb2XDqikeSydHQum_zdONTTvzHyNSwduw9F7Ba9nJRR510yt91wKnoyLYiX7znNGE.HMPvmxeD1W10n-2CaSK2LZxPeq7x22NejJtZc0XEBYs&dib_tag=se&keywords=table&qid=1718609972&sr=8-221,https://m.media-amazon.com/images/I/61YKtjl8DzL._AC_SY300_SX300_.jpg,table
"Household Essentials C-Table, Black Oak",https://www.amazon.com/Household-Essentials-Industrial-Narrow-Rectangle/dp/B08WWG9XKT/ref=sr_1_225?dib=eyJ2IjoiMSJ9.RZZUJEwPhL1k5YL8YR35TsO9uIGjjN6dmtaXpL3KHG9iWIqPcBBG7uicz4PIn66hPFj76yLmAFt_jzbS7v2YP4UvmF_pf4mvM7ol21AIlhMI9xA6j2ml41HIfA4FGvITTd14MPsU_VCXzKL5xSuahI0IZKY0rPSzEVeN4uJUvH8tes1sJ8iTzlyveycycYcqGjDiaCMhjI24dO0EjABM-TMQKJYmZPqZRjyE_lsAMPUb2XDqikeSydHQum_zdONTTvzHyNSwduw9F7Ba9nJRR510yt91wKnoyLYiX7znNGE.HMPvmxeD1W10n-2CaSK2LZxPeq7x22NejJtZc0XEBYs&dib_tag=se&keywords=table&qid=1718609972&sr=8-225,https://m.media-amazon.com/images/I/61Kn4yTNlhL.__AC_SX300_SY300_QL70_ML2_.jpg,table
Household Essentials Jamestown Rectangular Side End Table with Storage Shelves Black Oak Wood Grain and Black Metal Medium,https://www.amazon.com/Household-Essentials-Rectangle-Shelves-Medium/dp/B09RNG3NR9/ref=sr_1_226?dib=eyJ2IjoiMSJ9.RZZUJEwPhL1k5YL8YR35TsO9uIGjjN6dmtaXpL3KHG9iWIqPcBBG7uicz4PIn66hPFj76yLmAFt_jzbS7v2YP4UvmF_pf4mvM7ol21AIlhMI9xA6j2ml41HIfA4FGvITTd14MPsU_VCXzKL5xSuahI0IZKY0rPSzEVeN4uJUvH8tes1sJ8iTzlyveycycYcqGjDiaCMhjI24dO0EjABM-TMQKJYmZPqZRjyE_lsAMPUb2XDqikeSydHQum_zdONTTvzHyNSwduw9F7Ba9nJRR510yt91wKnoyLYiX7znNGE.HMPvmxeD1W10n-2CaSK2LZxPeq7x22NejJtZc0XEBYs&dib_tag=se&keywords=table&qid=1718609972&sr=8-226,https://m.media-amazon.com/images/I/71LDQPx1pTL.__AC_SX300_SY300_QL70_ML2_.jpg,table
"Narrow Console Table, Black Entryway Table for Hallway, Small Foyer Tables for Entryway, Behind Couch Sofa Table for Living Room, Hallway, Corridor, Easy Assembly, Black CTHB11801",https://www.amazon.com/MAHANCRIS-Console-Table-Entryway-CTHB11801/dp/B0CRYMKNTZ/ref=sr_1_228?dib=eyJ2IjoiMSJ9.RZZUJEwPhL1k5YL8YR35TsO9uIGjjN6dmtaXpL3KHG9iWIqPcBBG7uicz4PIn66hPFj76yLmAFt_jzbS7v2YP4UvmF_pf4mvM7ol21AIlhMI9xA6j2ml41HIfA4FGvITTd14MPsU_VCXzKL5xSuahI0IZKY0rPSzEVeN4uJUvH8tes1sJ8iTzlyveycycYcqGjDiaCMhjI24dO0EjABM-TMQKJYmZPqZRjyE_lsAMPUb2XDqikeSydHQum_zdONTTvzHyNSwduw9F7Ba9nJRR510yt91wKnoyLYiX7znNGE.HMPvmxeD1W10n-2CaSK2LZxPeq7x22NejJtZc0XEBYs&dib_tag=se&keywords=table&qid=1718609972&sr=8-228,https://m.media-amazon.com/images/I/71COXV+c+WL._AC_SY300_SX300_.jpg,table
"C Shaped End Table with Charging Station, Small Side Table for Living Room Bedroom, C Table Sofa Table with USB Ports and Outlets for Small Space, Couch Side Table with Storage, White MSF01UWT",https://www.amazon.com/CHOEZON-End-Table-Charging-MSF01UWT/dp/B0CNKF6Y9F/ref=sr_1_231?dib=eyJ2IjoiMSJ9.RZZUJEwPhL1k5YL8YR35TsO9uIGjjN6dmtaXpL3KHG9iWIqPcBBG7uicz4PIn66hPFj76yLmAFt_jzbS7v2YP4UvmF_pf4mvM7ol21AIlhMI9xA6j2ml41HIfA4FGvITTd14MPsU_VCXzKL5xSuahI0IZKY0rPSzEVeN4uJUvH8tes1sJ8iTzlyveycycYcqGjDiaCMhjI24dO0EjABM-TMQKJYmZPqZRjyE_lsAMPUb2XDqikeSydHQum_zdONTTvzHyNSwduw9F7Ba9nJRR510yt91wKnoyLYiX7znNGE.HMPvmxeD1W10n-2CaSK2LZxPeq7x22NejJtZc0XEBYs&dib_tag=se&keywords=table&qid=1718609972&sr=8-231,https://m.media-amazon.com/images/I/819QYRkQH4L.__AC_SX300_SY300_QL70_ML2_.jpg,table
White Round Side Table Small End Table Set of 2 Modern Accent Table Pedestal Drink Table with Marble Base for Small Spaces Living Room Bedroom Outdoor,https://www.amazon.com/Modern-Accent-Pedestal-Bedroom-Outdoor/dp/B0C6PZP5KJ/ref=sr_1_233?dib=eyJ2IjoiMSJ9.RZZUJEwPhL1k5YL8YR35TsO9uIGjjN6dmtaXpL3KHG9iWIqPcBBG7uicz4PIn66hPFj76yLmAFt_jzbS7v2YP4UvmF_pf4mvM7ol21AIlhMI9xA6j2ml41HIfA4FGvITTd14MPsU_VCXzKL5xSuahI0IZKY0rPSzEVeN4uJUvH8tes1sJ8iTzlyveycycYcqGjDiaCMhjI24dO0EjABM-TMQKJYmZPqZRjyE_lsAMPUb2XDqikeSydHQum_zdONTTvzHyNSwduw9F7Ba9nJRR510yt91wKnoyLYiX7znNGE.HMPvmxeD1W10n-2CaSK2LZxPeq7x22NejJtZc0XEBYs&dib_tag=se&keywords=table&qid=1718609972&sr=8-233,https://m.media-amazon.com/images/I/61t+l-k1PBL._AC_SY300_SX300_.jpg,table
"Small Round End Table, 2 Tier Round Side Table with Storage Basket,11.8”D*17.8”H Small Round Table,Sofa Side Table,Small Round Nightstand for Living Room Bedroom",https://www.amazon.com/LEMONDA-Storage-17-8inch-Nightstand-Bedroom/dp/B0BWRR4JJD/ref=sr_1_235?dib=eyJ2IjoiMSJ9.RZZUJEwPhL1k5YL8YR35TsO9uIGjjN6dmtaXpL3KHG9iWIqPcBBG7uicz4PIn66hPFj76yLmAFt_jzbS7v2YP4UvmF_pf4mvM7ol21AIlhMI9xA6j2ml41HIfA4FGvITTd14MPsU_VCXzKL5xSuahI0IZKY0rPSzEVeN4uJUvH8tes1sJ8iTzlyveycycYcqGjDiaCMhjI24dO0EjABM-TMQKJYmZPqZRjyE_lsAMPUb2XDqikeSydHQum_zdONTTvzHyNSwduw9F7Ba9nJRR510yt91wKnoyLYiX7znNGE.HMPvmxeD1W10n-2CaSK2LZxPeq7x22NejJtZc0XEBYs&dib_tag=se&keywords=table&qid=1718609972&sr=8-235,https://m.media-amazon.com/images/I/61FJCDBFz0L.__AC_SX300_SY300_QL70_ML2_.jpg,table
"Square Side Table, Small Side Table for Small Spaces, Small Metal End Table, Easy Assembly Black Bedside Table, Small Table Outoor, Single Plant Stand Indoor",https://www.amazon.com/Palama-Square-Side-Table-Assembly/dp/B0C5WXW5GZ/ref=sr_1_238?dib=eyJ2IjoiMSJ9.RZZUJEwPhL1k5YL8YR35TsO9uIGjjN6dmtaXpL3KHG9iWIqPcBBG7uicz4PIn66hPFj76yLmAFt_jzbS7v2YP4UvmF_pf4mvM7ol21AIlhMI9xA6j2ml41HIfA4FGvITTd14MPsU_VCXzKL5xSuahI0IZKY0rPSzEVeN4uJUvH8tes1sJ8iTzlyveycycYcqGjDiaCMhjI24dO0EjABM-TMQKJYmZPqZRjyE_lsAMPUb2XDqikeSydHQum_zdONTTvzHyNSwduw9F7Ba9nJRR510yt91wKnoyLYiX7znNGE.HMPvmxeD1W10n-2CaSK2LZxPeq7x22NejJtZc0XEBYs&dib_tag=se&keywords=table&qid=1718609972&sr=8-238,https://m.media-amazon.com/images/I/61fVkyUI53L.__AC_SX300_SY300_QL70_ML2_.jpg,table
White Round Side Table Small End Table Set of 2 Modern Accent Table Pedestal Drink Table with Marble Base for Small Spaces Living Room Bedroom Outdoor,https://www.amazon.com/Modern-Accent-Pedestal-Bedroom-Outdoor/dp/B0C6PZP5KJ/ref=sr_1_242?dib=eyJ2IjoiMSJ9.rdTU-tNftv1bfqaiv_xUf83kWO7dlemCjYNXBAx0wLBoll83_SLq0VVy96K5W_FURb8RgMBRFwNJ4QL5eZ0oovFJopqvSYkZIhh6fF6WH2Dx9vCW-HoPf7uuysDpldoT1zZfEnPkItL00aGvtoXJliaOCPe7Qvm7MQcXua1dKAYoi1aR4DcAO68BDaq0tBDaig861DEyeHspspsMwqGFDp5Ukg4bUB6o4ufI2heGaNqd6UVvvd-cIT5UYtsQZH3PFFXNTIJMkoEHJjEEFu7x5IBRTwR2lSrq2edbhyagwLQ.bVfv58H-GthEEztpEcWO0fKe7AFNtPYa4SgEDTQMkuk&dib_tag=se&keywords=table&qid=1718609973&sr=8-242,https://m.media-amazon.com/images/I/61t+l-k1PBL._AC_SY300_SX300_.jpg,table
"Need L Shaped Desk, Folding Computer Desk, 55 inches x 55 inches L Desk for Home Office, One-Step Assembly Foldable Table, Rustic Brown",https://www.amazon.com/sspa/click?ie=UTF8&spc=MTo3MDE2NDY1OTYzMjE5MzYyOjE3MTg2MDk5NzQ6c3Bfc2VhcmNoX3RoZW1hdGljOjMwMDAyNDU1MTI5MTkwMjo6MDo6&url=%2FNeed-L-Shaped-Computer-Workstation-AC11FB-140%2Fdp%2FB0912QMW2Y%2Fref%3Dsxin_12_pa_sp_search_thematic_sspa%3Fcontent-id%3Damzn1.sym.0ca219fb-f4f7-40c5-ac2b-dbea7f9e0232%253Aamzn1.sym.0ca219fb-f4f7-40c5-ac2b-dbea7f9e0232%26cv_ct_cx%3Dtable%26dib%3DeyJ2IjoiMSJ9.0QjXDkK0LwZf40nX_HdFOKxw-mI3OC-zhg4_nlsGIQDwo20hh1H5wXOr8tG46aft7e4FvHk7T0eW_8BJTSL_Og.aH93BkM1C-_gguHMyOfOZJ7BAoBkJ-Z0EIR6SMVXdtM%26dib_tag%3Dse%26keywords%3Dtable%26pd_rd_i%3DB0912QMW2Y%26pd_rd_r%3Dc320f7eb-bb6a-4dc4-9e9c-afee2ec16e12%26pd_rd_w%3DC3Mif%26pd_rd_wg%3D0JpDl%26pf_rd_p%3D0ca219fb-f4f7-40c5-ac2b-dbea7f9e0232%26pf_rd_r%3D5QJX35ZVBB6NJZAS82VT%26qid%3D1718609973%26sbo%3DRZvfv%252F%252FHxDF%252BO5021pAnSA%253D%253D%26sr%3D1-241-f853d353-bf33-45e7-b5c2-2cb2b31abc9b-spons%26sp_csd%3Dd2lkZ2V0TmFtZT1zcF9zZWFyY2hfdGhlbWF0aWM%26psc%3D1,https://m.media-amazon.com/images/I/71WL8XahnuL.__AC_SX300_SY300_QL70_ML2_.jpg,table
"Need Computer Desk Office Desk 62 inches Folding Table with BIFMA Certification Computer Table Workstation No Install Needed, Teak AC5BB-157",https://www.amazon.com/sspa/click?ie=UTF8&spc=MTo3MDE2NDY1OTYzMjE5MzYyOjE3MTg2MDk5NzQ6c3Bfc2VhcmNoX3RoZW1hdGljOjIwMDA1NDAxMzgwNzA3MTo6MTo6&url=%2FComputer-Folding-Certification-Workstation-Install%2Fdp%2FB075HBQSTC%2Fref%3Dsxin_12_pa_sp_search_thematic_sspa%3Fcontent-id%3Damzn1.sym.0ca219fb-f4f7-40c5-ac2b-dbea7f9e0232%253Aamzn1.sym.0ca219fb-f4f7-40c5-ac2b-dbea7f9e0232%26cv_ct_cx%3Dtable%26dib%3DeyJ2IjoiMSJ9.0QjXDkK0LwZf40nX_HdFOKxw-mI3OC-zhg4_nlsGIQDwo20hh1H5wXOr8tG46aft7e4FvHk7T0eW_8BJTSL_Og.aH93BkM1C-_gguHMyOfOZJ7BAoBkJ-Z0EIR6SMVXdtM%26dib_tag%3Dse%26keywords%3Dtable%26pd_rd_i%3DB075HBQSTC%26pd_rd_r%3Dc320f7eb-bb6a-4dc4-9e9c-afee2ec16e12%26pd_rd_w%3DC3Mif%26pd_rd_wg%3D0JpDl%26pf_rd_p%3D0ca219fb-f4f7-40c5-ac2b-dbea7f9e0232%26pf_rd_r%3D5QJX35ZVBB6NJZAS82VT%26qid%3D1718609973%26sbo%3DRZvfv%252F%252FHxDF%252BO5021pAnSA%253D%253D%26sr%3D1-242-f853d353-bf33-45e7-b5c2-2cb2b31abc9b-spons%26sp_csd%3Dd2lkZ2V0TmFtZT1zcF9zZWFyY2hfdGhlbWF0aWM%26psc%3D1,https://m.media-amazon.com/images/I/71fyZTAuVSL.__AC_SX300_SY300_QL70_ML2_.jpg,table
"Tribesigns 63 inch Computer Desk Modern Office Desk with Shelf for Home Office, Large Writing Table Wood Business Workstation with Storage Shelves and Sturdy Metal Frame for Study Bedroom, Black Brown",https://www.amazon.com/sspa/click?ie=UTF8&spc=MTo3MDE2NDY1OTYzMjE5MzYyOjE3MTg2MDk5NzQ6c3Bfc2VhcmNoX3RoZW1hdGljOjMwMDIzMjE1NDU2MDkwMjo6Mjo6&url=%2FTribesigns-Executive-Computer-Workstation-Combination%2Fdp%2FB0C5VVZXC8%2Fref%3Dsxin_12_pa_sp_search_thematic_sspa%3Fcontent-id%3Damzn1.sym.0ca219fb-f4f7-40c5-ac2b-dbea7f9e0232%253Aamzn1.sym.0ca219fb-f4f7-40c5-ac2b-dbea7f9e0232%26cv_ct_cx%3Dtable%26dib%3DeyJ2IjoiMSJ9.0QjXDkK0LwZf40nX_HdFOKxw-mI3OC-zhg4_nlsGIQDwo20hh1H5wXOr8tG46aft7e4FvHk7T0eW_8BJTSL_Og.aH93BkM1C-_gguHMyOfOZJ7BAoBkJ-Z0EIR6SMVXdtM%26dib_tag%3Dse%26keywords%3Dtable%26pd_rd_i%3DB0C5VVZXC8%26pd_rd_r%3Dc320f7eb-bb6a-4dc4-9e9c-afee2ec16e12%26pd_rd_w%3DC3Mif%26pd_rd_wg%3D0JpDl%26pf_rd_p%3D0ca219fb-f4f7-40c5-ac2b-dbea7f9e0232%26pf_rd_r%3D5QJX35ZVBB6NJZAS82VT%26qid%3D1718609973%26sbo%3DRZvfv%252F%252FHxDF%252BO5021pAnSA%253D%253D%26sr%3D1-243-f853d353-bf33-45e7-b5c2-2cb2b31abc9b-spons%26sp_csd%3Dd2lkZ2V0TmFtZT1zcF9zZWFyY2hfdGhlbWF0aWM%26psc%3D1,https://m.media-amazon.com/images/I/71GZiImL9nL.__AC_SX300_SY300_QL70_ML2_.jpg,table
"Office Star Resin Multipurpose Rectangle Folding Table for Indoor or Outdoor Use, 4 Feet x 2 Feet",https://www.amazon.com/sspa/click?ie=UTF8&spc=MTo3MDE2NDY1OTYzMjE5MzYyOjE3MTg2MDk5NzQ6c3Bfc2VhcmNoX3RoZW1hdGljOjMwMDA1NTgwOTQzNjcwMjo6Mzo6&url=%2FOffice-Star-Resin-Multi-Purpose-4-Feet%2Fdp%2FB0015TRJCM%2Fref%3Dsxin_12_pa_sp_search_thematic_sspa%3Fcontent-id%3Damzn1.sym.0ca219fb-f4f7-40c5-ac2b-dbea7f9e0232%253Aamzn1.sym.0ca219fb-f4f7-40c5-ac2b-dbea7f9e0232%26cv_ct_cx%3Dtable%26dib%3DeyJ2IjoiMSJ9.0QjXDkK0LwZf40nX_HdFOKxw-mI3OC-zhg4_nlsGIQDwo20hh1H5wXOr8tG46aft7e4FvHk7T0eW_8BJTSL_Og.aH93BkM1C-_gguHMyOfOZJ7BAoBkJ-Z0EIR6SMVXdtM%26dib_tag%3Dse%26keywords%3Dtable%26pd_rd_i%3DB0015TRJCM%26pd_rd_r%3Dc320f7eb-bb6a-4dc4-9e9c-afee2ec16e12%26pd_rd_w%3DC3Mif%26pd_rd_wg%3D0JpDl%26pf_rd_p%3D0ca219fb-f4f7-40c5-ac2b-dbea7f9e0232%26pf_rd_r%3D5QJX35ZVBB6NJZAS82VT%26qid%3D1718609973%26sbo%3DRZvfv%252F%252FHxDF%252BO5021pAnSA%253D%253D%26sr%3D1-244-f853d353-bf33-45e7-b5c2-2cb2b31abc9b-spons%26sp_csd%3Dd2lkZ2V0TmFtZT1zcF9zZWFyY2hfdGhlbWF0aWM%26psc%3D1,https://m.media-amazon.com/images/I/51nHhAmxNxL.__AC_SX300_SY300_QL70_ML2_.jpg,table
"Baby Relax Hunter 3-Piece Kiddy Table & Chair Kids Set, Blue / White",https://www.amazon.com/Baby-Relax-Hunter-3-Piece-Kiddy/dp/B08223ZNRN/ref=sr_1_245?dib=eyJ2IjoiMSJ9.rdTU-tNftv1bfqaiv_xUf83kWO7dlemCjYNXBAx0wLBoll83_SLq0VVy96K5W_FURb8RgMBRFwNJ4QL5eZ0oovFJopqvSYkZIhh6fF6WH2Dx9vCW-HoPf7uuysDpldoT1zZfEnPkItL00aGvtoXJliaOCPe7Qvm7MQcXua1dKAYoi1aR4DcAO68BDaq0tBDaig861DEyeHspspsMwqGFDp5Ukg4bUB6o4ufI2heGaNqd6UVvvd-cIT5UYtsQZH3PFFXNTIJMkoEHJjEEFu7x5IBRTwR2lSrq2edbhyagwLQ.bVfv58H-GthEEztpEcWO0fKe7AFNtPYa4SgEDTQMkuk&dib_tag=se&keywords=table&qid=1718609973&sr=8-245,https://m.media-amazon.com/images/I/711gMeNvZyL.__AC_SX300_SY300_QL70_ML2_.jpg,table
"Square Side Table, Small Side Table for Small Spaces, Small Metal End Table, Easy Assembly Black Bedside Table, Small Table Outoor, Single Plant Stand Indoor",https://www.amazon.com/Palama-Square-Side-Table-Assembly/dp/B0C5WXW5GZ/ref=sr_1_246?dib=eyJ2IjoiMSJ9.rdTU-tNftv1bfqaiv_xUf83kWO7dlemCjYNXBAx0wLBoll83_SLq0VVy96K5W_FURb8RgMBRFwNJ4QL5eZ0oovFJopqvSYkZIhh6fF6WH2Dx9vCW-HoPf7uuysDpldoT1zZfEnPkItL00aGvtoXJliaOCPe7Qvm7MQcXua1dKAYoi1aR4DcAO68BDaq0tBDaig861DEyeHspspsMwqGFDp5Ukg4bUB6o4ufI2heGaNqd6UVvvd-cIT5UYtsQZH3PFFXNTIJMkoEHJjEEFu7x5IBRTwR2lSrq2edbhyagwLQ.bVfv58H-GthEEztpEcWO0fKe7AFNtPYa4SgEDTQMkuk&dib_tag=se&keywords=table&qid=1718609973&sr=8-246,https://m.media-amazon.com/images/I/61fVkyUI53L.__AC_SX300_SY300_QL70_ML2_.jpg,table
"Sofa Table with Charging Station, 39.4” Console Table, Narrow Entryway Table, Slim Hallway Table, Retro Couch Table, for Entrance, Foyer, Living Room, Hallway, Greige CTHG151E01",https://www.amazon.com/MAHANCRIS-Table-Charging-Console-CTHG151E01/dp/B0CG85WRNT/ref=sr_1_248?dib=eyJ2IjoiMSJ9.rdTU-tNftv1bfqaiv_xUf83kWO7dlemCjYNXBAx0wLBoll83_SLq0VVy96K5W_FURb8RgMBRFwNJ4QL5eZ0oovFJopqvSYkZIhh6fF6WH2Dx9vCW-HoPf7uuysDpldoT1zZfEnPkItL00aGvtoXJliaOCPe7Qvm7MQcXua1dKAYoi1aR4DcAO68BDaq0tBDaig861DEyeHspspsMwqGFDp5Ukg4bUB6o4ufI2heGaNqd6UVvvd-cIT5UYtsQZH3PFFXNTIJMkoEHJjEEFu7x5IBRTwR2lSrq2edbhyagwLQ.bVfv58H-GthEEztpEcWO0fKe7AFNtPYa4SgEDTQMkuk&dib_tag=se&keywords=table&qid=1718609973&sr=8-248,https://m.media-amazon.com/images/I/61uDe400dzL.__AC_SX300_SY300_QL70_ML2_.jpg,table
"2-Tier End Table with Tempered Glass, Black Metal Side Tables Sofa Side Table for Small Spaces, Glass Stand Table Modern Square End Tables for Living Room, Bedroom (1pcs, Black)",https://www.amazon.com/Gawicpy-2-Tier-Tempered-Tables-Bedroom/dp/B0CMTDJY7Z/ref=sr_1_249?dib=eyJ2IjoiMSJ9.rdTU-tNftv1bfqaiv_xUf83kWO7dlemCjYNXBAx0wLBoll83_SLq0VVy96K5W_FURb8RgMBRFwNJ4QL5eZ0oovFJopqvSYkZIhh6fF6WH2Dx9vCW-HoPf7uuysDpldoT1zZfEnPkItL00aGvtoXJliaOCPe7Qvm7MQcXua1dKAYoi1aR4DcAO68BDaq0tBDaig861DEyeHspspsMwqGFDp5Ukg4bUB6o4ufI2heGaNqd6UVvvd-cIT5UYtsQZH3PFFXNTIJMkoEHJjEEFu7x5IBRTwR2lSrq2edbhyagwLQ.bVfv58H-GthEEztpEcWO0fKe7AFNtPYa4SgEDTQMkuk&dib_tag=se&keywords=table&qid=1718609973&sr=8-249,https://m.media-amazon.com/images/I/61u2H2eAYOL.__AC_SX300_SY300_QL70_ML2_.jpg,table
"2 Tier Console Table, 41.5"" Narrow Entryway Table with Shelves and Hooks, Couch Table Behind Sofa, Entrance Table for Hallway, Living Room, Foyer, Rustic Brown",https://www.amazon.com/Gewudraw-Console-Entryway-Shelves-Entrance/dp/B0CQG4VQ29/ref=sr_1_250?dib=eyJ2IjoiMSJ9.rdTU-tNftv1bfqaiv_xUf83kWO7dlemCjYNXBAx0wLBoll83_SLq0VVy96K5W_FURb8RgMBRFwNJ4QL5eZ0oovFJopqvSYkZIhh6fF6WH2Dx9vCW-HoPf7uuysDpldoT1zZfEnPkItL00aGvtoXJliaOCPe7Qvm7MQcXua1dKAYoi1aR4DcAO68BDaq0tBDaig861DEyeHspspsMwqGFDp5Ukg4bUB6o4ufI2heGaNqd6UVvvd-cIT5UYtsQZH3PFFXNTIJMkoEHJjEEFu7x5IBRTwR2lSrq2edbhyagwLQ.bVfv58H-GthEEztpEcWO0fKe7AFNtPYa4SgEDTQMkuk&dib_tag=se&keywords=table&qid=1718609973&sr=8-250,https://m.media-amazon.com/images/I/81B+QvdeWsL._AC_SY300_SX300_.jpg,table
"Utopia Kitchen Spandex Tablecloth 2 Pack [6FT, Black] Tight, Fitted, Washable and Wrinkle Resistant Stretch Rectangular Patio Table Cover for Event, Wedding, Banquet & Parties [72Lx30Wx30H Inch]",https://www.amazon.com/Utopia-Kitchen-Stretchable-Tablecloth-Resistant/dp/B081GQ8MHG/ref=sr_1_251?dib=eyJ2IjoiMSJ9.rdTU-tNftv1bfqaiv_xUf83kWO7dlemCjYNXBAx0wLBoll83_SLq0VVy96K5W_FURb8RgMBRFwNJ4QL5eZ0oovFJopqvSYkZIhh6fF6WH2Dx9vCW-HoPf7uuysDpldoT1zZfEnPkItL00aGvtoXJliaOCPe7Qvm7MQcXua1dKAYoi1aR4DcAO68BDaq0tBDaig861DEyeHspspsMwqGFDp5Ukg4bUB6o4ufI2heGaNqd6UVvvd-cIT5UYtsQZH3PFFXNTIJMkoEHJjEEFu7x5IBRTwR2lSrq2edbhyagwLQ.bVfv58H-GthEEztpEcWO0fKe7AFNtPYa4SgEDTQMkuk&dib_tag=se&keywords=table&qid=1718609973&sr=8-251,https://m.media-amazon.com/images/I/51725dv+uzL._AC_SX300_SY300_.jpg,table
"Yaheetech Console Table with Drawer, Entryway Table with 3 Tier Storage Shelves, Narrow Long Sofa Table for Entryway, Living Room, Hallway, Couch, Kitchen, Metal Frame, Brown",https://www.amazon.com/YAHEETECH-Industrial-Console-Entryway-Shelves/dp/B08TWYTT97/ref=sr_1_253?dib=eyJ2IjoiMSJ9.rdTU-tNftv1bfqaiv_xUf83kWO7dlemCjYNXBAx0wLBoll83_SLq0VVy96K5W_FURb8RgMBRFwNJ4QL5eZ0oovFJopqvSYkZIhh6fF6WH2Dx9vCW-HoPf7uuysDpldoT1zZfEnPkItL00aGvtoXJliaOCPe7Qvm7MQcXua1dKAYoi1aR4DcAO68BDaq0tBDaig861DEyeHspspsMwqGFDp5Ukg4bUB6o4ufI2heGaNqd6UVvvd-cIT5UYtsQZH3PFFXNTIJMkoEHJjEEFu7x5IBRTwR2lSrq2edbhyagwLQ.bVfv58H-GthEEztpEcWO0fKe7AFNtPYa4SgEDTQMkuk&dib_tag=se&keywords=table&qid=1718609973&sr=8-253,https://m.media-amazon.com/images/I/81R4E09BALL.__AC_SX300_SY300_QL70_ML2_.jpg,table
"HKLGorg 6 Ft Heavy Duty Working Indoor Outdoor Plastic Folding Utility Party Dining Table Easy to Assemble with Lock Function White, 70.9 x 29.1 x 29.1 inches",https://www.amazon.com/Folding-Camping-Working-Assemble-Function/dp/B098K6JDGB/ref=sr_1_256?dib=eyJ2IjoiMSJ9.rdTU-tNftv1bfqaiv_xUf83kWO7dlemCjYNXBAx0wLBoll83_SLq0VVy96K5W_FURb8RgMBRFwNJ4QL5eZ0oovFJopqvSYkZIhh6fF6WH2Dx9vCW-HoPf7uuysDpldoT1zZfEnPkItL00aGvtoXJliaOCPe7Qvm7MQcXua1dKAYoi1aR4DcAO68BDaq0tBDaig861DEyeHspspsMwqGFDp5Ukg4bUB6o4ufI2heGaNqd6UVvvd-cIT5UYtsQZH3PFFXNTIJMkoEHJjEEFu7x5IBRTwR2lSrq2edbhyagwLQ.bVfv58H-GthEEztpEcWO0fKe7AFNtPYa4SgEDTQMkuk&dib_tag=se&keywords=table&qid=1718609973&sr=8-256,https://m.media-amazon.com/images/I/5166BKumcZL.__AC_SX300_SY300_QL70_ML2_.jpg,table
"C Shaped End Table for Couch with Charging Station USB Ports, Sofa Table, Couch Table, Narrow Side Table, Small Side Table for Living Room, Bedroom, Rustic Brown, Set of 2",https://www.amazon.com/Acovy-Shaped-Charging-Station-Bedroom/dp/B0CNGJPKCX/ref=sr_1_258?dib=eyJ2IjoiMSJ9.rdTU-tNftv1bfqaiv_xUf83kWO7dlemCjYNXBAx0wLBoll83_SLq0VVy96K5W_FURb8RgMBRFwNJ4QL5eZ0oovFJopqvSYkZIhh6fF6WH2Dx9vCW-HoPf7uuysDpldoT1zZfEnPkItL00aGvtoXJliaOCPe7Qvm7MQcXua1dKAYoi1aR4DcAO68BDaq0tBDaig861DEyeHspspsMwqGFDp5Ukg4bUB6o4ufI2heGaNqd6UVvvd-cIT5UYtsQZH3PFFXNTIJMkoEHJjEEFu7x5IBRTwR2lSrq2edbhyagwLQ.bVfv58H-GthEEztpEcWO0fKe7AFNtPYa4SgEDTQMkuk&dib_tag=se&keywords=table&qid=1718609973&sr=8-258,https://m.media-amazon.com/images/I/719cbq9z9-L.__AC_SX300_SY300_QL70_ML2_.jpg,table
"Homieasy End Table with Charging Station, 20 Inch Square Side Table with USB Ports & Power Outlets, Black Nightstand with 2-Tier Storage Shelf, Mini Fridge Stand for Small Spaces, Black",https://www.amazon.com/Homieasy-Charging-Station-Outlets-Nightstand/dp/B0B28RFXNQ/ref=sr_1_259?dib=eyJ2IjoiMSJ9.rdTU-tNftv1bfqaiv_xUf83kWO7dlemCjYNXBAx0wLBoll83_SLq0VVy96K5W_FURb8RgMBRFwNJ4QL5eZ0oovFJopqvSYkZIhh6fF6WH2Dx9vCW-HoPf7uuysDpldoT1zZfEnPkItL00aGvtoXJliaOCPe7Qvm7MQcXua1dKAYoi1aR4DcAO68BDaq0tBDaig861DEyeHspspsMwqGFDp5Ukg4bUB6o4ufI2heGaNqd6UVvvd-cIT5UYtsQZH3PFFXNTIJMkoEHJjEEFu7x5IBRTwR2lSrq2edbhyagwLQ.bVfv58H-GthEEztpEcWO0fKe7AFNtPYa4SgEDTQMkuk&dib_tag=se&keywords=table&qid=1718609973&sr=8-259,https://m.media-amazon.com/images/I/61myXaERj7L.__AC_SX300_SY300_QL70_ML2_.jpg,table
"Furinno Besi Industrial Multipurpose Side Table with Metal Frame, Finn Oak",https://www.amazon.com/Furinno-Industrial-Multipurpose-Table-Metal/dp/B0BTC83RXD/ref=sr_1_260?dib=eyJ2IjoiMSJ9.rdTU-tNftv1bfqaiv_xUf83kWO7dlemCjYNXBAx0wLBoll83_SLq0VVy96K5W_FURb8RgMBRFwNJ4QL5eZ0oovFJopqvSYkZIhh6fF6WH2Dx9vCW-HoPf7uuysDpldoT1zZfEnPkItL00aGvtoXJliaOCPe7Qvm7MQcXua1dKAYoi1aR4DcAO68BDaq0tBDaig861DEyeHspspsMwqGFDp5Ukg4bUB6o4ufI2heGaNqd6UVvvd-cIT5UYtsQZH3PFFXNTIJMkoEHJjEEFu7x5IBRTwR2lSrq2edbhyagwLQ.bVfv58H-GthEEztpEcWO0fKe7AFNtPYa4SgEDTQMkuk&dib_tag=se&keywords=table&qid=1718609973&sr=8-260,https://m.media-amazon.com/images/I/71I-wPSrOJL.__AC_SX300_SY300_QL70_ML2_.jpg,table
"VASAGLE Small Round Side End Table, Modern Nightstand with Fabric Basket, Bedside Table for Living Room Bedroom, Classic White and Sand Beige LET223W10",https://www.amazon.com/VASAGLE-Modern-Nightstand-Fabric-Basket/dp/B0BBTN7F4Q/ref=sr_1_261?dib=eyJ2IjoiMSJ9.rdTU-tNftv1bfqaiv_xUf83kWO7dlemCjYNXBAx0wLBoll83_SLq0VVy96K5W_FURb8RgMBRFwNJ4QL5eZ0oovFJopqvSYkZIhh6fF6WH2Dx9vCW-HoPf7uuysDpldoT1zZfEnPkItL00aGvtoXJliaOCPe7Qvm7MQcXua1dKAYoi1aR4DcAO68BDaq0tBDaig861DEyeHspspsMwqGFDp5Ukg4bUB6o4ufI2heGaNqd6UVvvd-cIT5UYtsQZH3PFFXNTIJMkoEHJjEEFu7x5IBRTwR2lSrq2edbhyagwLQ.bVfv58H-GthEEztpEcWO0fKe7AFNtPYa4SgEDTQMkuk&dib_tag=se&keywords=table&qid=1718609973&sr=8-261,https://m.media-amazon.com/images/I/71PfQeVSYKL.__AC_SX300_SY300_QL70_ML2_.jpg,table
"Tribesigns 78.7 Inches Extra Long Computer Desk 2 Person Desk, Double Long Desk, Workstaion for Home Office",https://www.amazon.com/Tribesigns-Inches-Computer-Person-Workstaion/dp/B0C36SM9L5/ref=sr_1_263?dib=eyJ2IjoiMSJ9.rdTU-tNftv1bfqaiv_xUf83kWO7dlemCjYNXBAx0wLBoll83_SLq0VVy96K5W_FURb8RgMBRFwNJ4QL5eZ0oovFJopqvSYkZIhh6fF6WH2Dx9vCW-HoPf7uuysDpldoT1zZfEnPkItL00aGvtoXJliaOCPe7Qvm7MQcXua1dKAYoi1aR4DcAO68BDaq0tBDaig861DEyeHspspsMwqGFDp5Ukg4bUB6o4ufI2heGaNqd6UVvvd-cIT5UYtsQZH3PFFXNTIJMkoEHJjEEFu7x5IBRTwR2lSrq2edbhyagwLQ.bVfv58H-GthEEztpEcWO0fKe7AFNtPYa4SgEDTQMkuk&dib_tag=se&keywords=table&qid=1718609973&sr=8-263,https://m.media-amazon.com/images/I/91yQ-n0T+XL._AC_SY300_SX300_.jpg,table
"ODK Office Small Computer Desk: Home Table with Fabric Drawers & Storage Shelves, Modern Writing Desk, Black, 48""x16""",https://www.amazon.com/ODK-Office-Small-Computer-Desk/dp/B0BV9S9V3M/ref=sr_1_264?dib=eyJ2IjoiMSJ9.rdTU-tNftv1bfqaiv_xUf83kWO7dlemCjYNXBAx0wLBoll83_SLq0VVy96K5W_FURb8RgMBRFwNJ4QL5eZ0oovFJopqvSYkZIhh6fF6WH2Dx9vCW-HoPf7uuysDpldoT1zZfEnPkItL00aGvtoXJliaOCPe7Qvm7MQcXua1dKAYoi1aR4DcAO68BDaq0tBDaig861DEyeHspspsMwqGFDp5Ukg4bUB6o4ufI2heGaNqd6UVvvd-cIT5UYtsQZH3PFFXNTIJMkoEHJjEEFu7x5IBRTwR2lSrq2edbhyagwLQ.bVfv58H-GthEEztpEcWO0fKe7AFNtPYa4SgEDTQMkuk&dib_tag=se&keywords=table&qid=1718609973&sr=8-264,https://m.media-amazon.com/images/I/71DpkCCsayL.__AC_SX300_SY300_QL70_ML2_.jpg,table
"Camping Table, 2 ft Folding Grill Table with Mesh Desktop, Anti-Slip Feet, Height Adjustable, Lightweight & Portable Aluminum Outdoor Table for Camping, Picnic, RV, BBQ (23.6""X16""X22.5"")",https://www.amazon.com/Goaylate-Anti-Slip-Adjustable-Lightweight-Portable/dp/B0C6JHSTJ3/ref=sr_1_266?dib=eyJ2IjoiMSJ9.rdTU-tNftv1bfqaiv_xUf83kWO7dlemCjYNXBAx0wLBoll83_SLq0VVy96K5W_FURb8RgMBRFwNJ4QL5eZ0oovFJopqvSYkZIhh6fF6WH2Dx9vCW-HoPf7uuysDpldoT1zZfEnPkItL00aGvtoXJliaOCPe7Qvm7MQcXua1dKAYoi1aR4DcAO68BDaq0tBDaig861DEyeHspspsMwqGFDp5Ukg4bUB6o4ufI2heGaNqd6UVvvd-cIT5UYtsQZH3PFFXNTIJMkoEHJjEEFu7x5IBRTwR2lSrq2edbhyagwLQ.bVfv58H-GthEEztpEcWO0fKe7AFNtPYa4SgEDTQMkuk&dib_tag=se&keywords=table&qid=1718609973&sr=8-266,https://m.media-amazon.com/images/I/618UbdCqgTL.__AC_SX300_SY300_QL70_ML2_.jpg,table
"Pedestal Side Table, White Drink Table, Martini End Table with Natural Wood Grain Finish for Small Space Living Room, Bedroom, Bathroom, White and Black",https://www.amazon.com/COVLON-Pedestal-Martini-Natural-Bathroom/dp/B0C8N8Q1YK/ref=sr_1_267?dib=eyJ2IjoiMSJ9.rdTU-tNftv1bfqaiv_xUf83kWO7dlemCjYNXBAx0wLBoll83_SLq0VVy96K5W_FURb8RgMBRFwNJ4QL5eZ0oovFJopqvSYkZIhh6fF6WH2Dx9vCW-HoPf7uuysDpldoT1zZfEnPkItL00aGvtoXJliaOCPe7Qvm7MQcXua1dKAYoi1aR4DcAO68BDaq0tBDaig861DEyeHspspsMwqGFDp5Ukg4bUB6o4ufI2heGaNqd6UVvvd-cIT5UYtsQZH3PFFXNTIJMkoEHJjEEFu7x5IBRTwR2lSrq2edbhyagwLQ.bVfv58H-GthEEztpEcWO0fKe7AFNtPYa4SgEDTQMkuk&dib_tag=se&keywords=table&qid=1718609973&sr=8-267,https://m.media-amazon.com/images/I/8139p8lG1DL.__AC_SX300_SY300_QL70_ML2_.jpg,table
"Plastic Folding Table 6ft Heavy Duty Foldable Utility Table with Carrying Handle for Camping Picnic BBQ Party Banquet Backyard, 500LBS Capacity, White",https://www.amazon.com/Folding-Utility-Carrying-Capacity-Backyard/dp/B09Q23L8PB/ref=sr_1_269?dib=eyJ2IjoiMSJ9.rdTU-tNftv1bfqaiv_xUf83kWO7dlemCjYNXBAx0wLBoll83_SLq0VVy96K5W_FURb8RgMBRFwNJ4QL5eZ0oovFJopqvSYkZIhh6fF6WH2Dx9vCW-HoPf7uuysDpldoT1zZfEnPkItL00aGvtoXJliaOCPe7Qvm7MQcXua1dKAYoi1aR4DcAO68BDaq0tBDaig861DEyeHspspsMwqGFDp5Ukg4bUB6o4ufI2heGaNqd6UVvvd-cIT5UYtsQZH3PFFXNTIJMkoEHJjEEFu7x5IBRTwR2lSrq2edbhyagwLQ.bVfv58H-GthEEztpEcWO0fKe7AFNtPYa4SgEDTQMkuk&dib_tag=se&keywords=table&qid=1718609973&sr=8-269,https://m.media-amazon.com/images/I/61Bq5f-pg0L.__AC_SX300_SY300_QL70_ML2_.jpg,table
"6FT Plastic Folding Table, Portable Picnic Table Outdoor, for Camping, Party, Wedding,Picnic, with Lock, Handle - White",https://www.amazon.com/Gzdisbek-Plastic-Folding-Portable-Outdoor/dp/B0CM91GCH5/ref=sr_1_271?dib=eyJ2IjoiMSJ9.rdTU-tNftv1bfqaiv_xUf83kWO7dlemCjYNXBAx0wLBoll83_SLq0VVy96K5W_FURb8RgMBRFwNJ4QL5eZ0oovFJopqvSYkZIhh6fF6WH2Dx9vCW-HoPf7uuysDpldoT1zZfEnPkItL00aGvtoXJliaOCPe7Qvm7MQcXua1dKAYoi1aR4DcAO68BDaq0tBDaig861DEyeHspspsMwqGFDp5Ukg4bUB6o4ufI2heGaNqd6UVvvd-cIT5UYtsQZH3PFFXNTIJMkoEHJjEEFu7x5IBRTwR2lSrq2edbhyagwLQ.bVfv58H-GthEEztpEcWO0fKe7AFNtPYa4SgEDTQMkuk&dib_tag=se&keywords=table&qid=1718609973&sr=8-271,https://m.media-amazon.com/images/I/51NYiojguWL.__AC_SX300_SY300_QL70_ML2_.jpg,table
"HOOBRO Wedge End Table with Charging Station, Recliner Wedge Side Table with Open Storage Shelves, Industrial Triangle Accent Table for Small Spaces, Corner, Living Room, Rustic Brown BF64UBZ01G1",https://www.amazon.com/HOOBRO-End-Table-Industrial-BF64UBZ01G1/dp/B0CT83QYT1/ref=sr_1_272?dib=eyJ2IjoiMSJ9.rdTU-tNftv1bfqaiv_xUf83kWO7dlemCjYNXBAx0wLBoll83_SLq0VVy96K5W_FURb8RgMBRFwNJ4QL5eZ0oovFJopqvSYkZIhh6fF6WH2Dx9vCW-HoPf7uuysDpldoT1zZfEnPkItL00aGvtoXJliaOCPe7Qvm7MQcXua1dKAYoi1aR4DcAO68BDaq0tBDaig861DEyeHspspsMwqGFDp5Ukg4bUB6o4ufI2heGaNqd6UVvvd-cIT5UYtsQZH3PFFXNTIJMkoEHJjEEFu7x5IBRTwR2lSrq2edbhyagwLQ.bVfv58H-GthEEztpEcWO0fKe7AFNtPYa4SgEDTQMkuk&dib_tag=se&keywords=table&qid=1718609973&sr=8-272,https://m.media-amazon.com/images/I/71yYjtg23UL.__AC_SX300_SY300_QL70_ML2_.jpg,table
"Plastic Folding Table, Indoor Outdoor Heavy Duty Portable w/Handle, Lock for Picnic, Party, Camping (White, 6FT)",https://www.amazon.com/AM-America-Store-Plastic-Portable/dp/B0C6FQ5494/ref=sr_1_275?dib=eyJ2IjoiMSJ9.rdTU-tNftv1bfqaiv_xUf83kWO7dlemCjYNXBAx0wLBoll83_SLq0VVy96K5W_FURb8RgMBRFwNJ4QL5eZ0oovFJopqvSYkZIhh6fF6WH2Dx9vCW-HoPf7uuysDpldoT1zZfEnPkItL00aGvtoXJliaOCPe7Qvm7MQcXua1dKAYoi1aR4DcAO68BDaq0tBDaig861DEyeHspspsMwqGFDp5Ukg4bUB6o4ufI2heGaNqd6UVvvd-cIT5UYtsQZH3PFFXNTIJMkoEHJjEEFu7x5IBRTwR2lSrq2edbhyagwLQ.bVfv58H-GthEEztpEcWO0fKe7AFNtPYa4SgEDTQMkuk&dib_tag=se&keywords=table&qid=1718609973&sr=8-275,https://m.media-amazon.com/images/I/51IhOdQkeIL.__AC_SY300_SX300_QL70_ML2_.jpg,table
"Tribesigns 2-Tier End Side Table with Stylish Metal Frame, Vintage Rectangular Bedside Nightstand for Bedroom, Wood and Metal Chair Side Tables Living Room (1, Brown Grey+Black)",https://www.amazon.com/Tribesigns-Stylish-Vintage-Rectangular-Nightstand/dp/B0CNQRZBX1/ref=sr_1_278?dib=eyJ2IjoiMSJ9.rdTU-tNftv1bfqaiv_xUf83kWO7dlemCjYNXBAx0wLBoll83_SLq0VVy96K5W_FURb8RgMBRFwNJ4QL5eZ0oovFJopqvSYkZIhh6fF6WH2Dx9vCW-HoPf7uuysDpldoT1zZfEnPkItL00aGvtoXJliaOCPe7Qvm7MQcXua1dKAYoi1aR4DcAO68BDaq0tBDaig861DEyeHspspsMwqGFDp5Ukg4bUB6o4ufI2heGaNqd6UVvvd-cIT5UYtsQZH3PFFXNTIJMkoEHJjEEFu7x5IBRTwR2lSrq2edbhyagwLQ.bVfv58H-GthEEztpEcWO0fKe7AFNtPYa4SgEDTQMkuk&dib_tag=se&keywords=table&qid=1718609973&sr=8-278,https://m.media-amazon.com/images/I/81+S1bgVOhL._AC_SY300_SX300_.jpg,table
"ELYKEN 5.9"" Narrow Console Sofa Table with Power Outlets, 5.9"" Dx63 Wx31.5 H Long Skinny Behind Couch Table with “X” Cross Metal Frame and Charge Station with 6.5’ Extension Cord, Black",https://www.amazon.com/ELYKEN-Console-Outlets-Station-Extension/dp/B0BX8LCFC6/ref=sr_1_280?dib=eyJ2IjoiMSJ9.rdTU-tNftv1bfqaiv_xUf83kWO7dlemCjYNXBAx0wLBoll83_SLq0VVy96K5W_FURb8RgMBRFwNJ4QL5eZ0oovFJopqvSYkZIhh6fF6WH2Dx9vCW-HoPf7uuysDpldoT1zZfEnPkItL00aGvtoXJliaOCPe7Qvm7MQcXua1dKAYoi1aR4DcAO68BDaq0tBDaig861DEyeHspspsMwqGFDp5Ukg4bUB6o4ufI2heGaNqd6UVvvd-cIT5UYtsQZH3PFFXNTIJMkoEHJjEEFu7x5IBRTwR2lSrq2edbhyagwLQ.bVfv58H-GthEEztpEcWO0fKe7AFNtPYa4SgEDTQMkuk&dib_tag=se&keywords=table&qid=1718609973&sr=8-280,https://m.media-amazon.com/images/I/615c2+pnvdL._AC_SY300_SX300_.jpg,table
UTEX 2 in 1 Kids Construction Play Table with Storage Drawers and Built in Plate (White),https://www.amazon.com/UTEX-Construction-Table-Storage-Drawers/dp/B071VT46V5/ref=sr_1_282?dib=eyJ2IjoiMSJ9.rdTU-tNftv1bfqaiv_xUf83kWO7dlemCjYNXBAx0wLBoll83_SLq0VVy96K5W_FURb8RgMBRFwNJ4QL5eZ0oovFJopqvSYkZIhh6fF6WH2Dx9vCW-HoPf7uuysDpldoT1zZfEnPkItL00aGvtoXJliaOCPe7Qvm7MQcXua1dKAYoi1aR4DcAO68BDaq0tBDaig861DEyeHspspsMwqGFDp5Ukg4bUB6o4ufI2heGaNqd6UVvvd-cIT5UYtsQZH3PFFXNTIJMkoEHJjEEFu7x5IBRTwR2lSrq2edbhyagwLQ.bVfv58H-GthEEztpEcWO0fKe7AFNtPYa4SgEDTQMkuk&dib_tag=se&keywords=table&qid=1718609973&sr=8-282,https://m.media-amazon.com/images/I/51ZGmYG9HAL.__AC_SY300_SX300_QL70_ML2_.jpg,table
"OVICAR Metal Tray End Table, Round Accent Coffee Side Table, Anti-Rust and Waterproof Outdoor Small Side Table, Indoor Modern Sofa Side Table Bedside Table for Living Room Bedroom Balcony",https://www.amazon.com/Ovicar-Folding-Anti-Rust-Waterproof-Balcony/dp/B07ZF7ZM6K/ref=sr_1_283?dib=eyJ2IjoiMSJ9.rdTU-tNftv1bfqaiv_xUf83kWO7dlemCjYNXBAx0wLBoll83_SLq0VVy96K5W_FURb8RgMBRFwNJ4QL5eZ0oovFJopqvSYkZIhh6fF6WH2Dx9vCW-HoPf7uuysDpldoT1zZfEnPkItL00aGvtoXJliaOCPe7Qvm7MQcXua1dKAYoi1aR4DcAO68BDaq0tBDaig861DEyeHspspsMwqGFDp5Ukg4bUB6o4ufI2heGaNqd6UVvvd-cIT5UYtsQZH3PFFXNTIJMkoEHJjEEFu7x5IBRTwR2lSrq2edbhyagwLQ.bVfv58H-GthEEztpEcWO0fKe7AFNtPYa4SgEDTQMkuk&dib_tag=se&keywords=table&qid=1718609973&sr=8-283,https://m.media-amazon.com/images/I/61CPg3uHIjL.__AC_SX300_SY300_QL70_ML2_.jpg,table
"Snughome Console Table with Power Outlets, Entryway Table with Storage, Narrow Sofa Table with 3 Tier Shelves, Console Tables for Entryway, Hallway Table, Entry Table for Living Room, Foyer, Grey",https://www.amazon.com/Snughome-Console-Outlets-Entryway-Storage/dp/B0CGZDLLKM/ref=sr_1_285?dib=eyJ2IjoiMSJ9.rdTU-tNftv1bfqaiv_xUf83kWO7dlemCjYNXBAx0wLBoll83_SLq0VVy96K5W_FURb8RgMBRFwNJ4QL5eZ0oovFJopqvSYkZIhh6fF6WH2Dx9vCW-HoPf7uuysDpldoT1zZfEnPkItL00aGvtoXJliaOCPe7Qvm7MQcXua1dKAYoi1aR4DcAO68BDaq0tBDaig861DEyeHspspsMwqGFDp5Ukg4bUB6o4ufI2heGaNqd6UVvvd-cIT5UYtsQZH3PFFXNTIJMkoEHJjEEFu7x5IBRTwR2lSrq2edbhyagwLQ.bVfv58H-GthEEztpEcWO0fKe7AFNtPYa4SgEDTQMkuk&dib_tag=se&keywords=table&qid=1718609973&sr=8-285,https://m.media-amazon.com/images/I/7111FEOwH1L._AC_SY300_SX300_.jpg,table
"Lerliuo Side Table with Charging Station，Narrow End Table with USB Ports and Outlets,Black Skinny Nightstand with Open Storage Shelf for Small Space，Slim Sofa Bedside Table for Living Room Bedroom",https://www.amazon.com/Lerliuo-Table-Station%EF%BC%8CNarrow-End-Black/dp/B0CC5VZPSV/ref=sr_1_286?dib=eyJ2IjoiMSJ9.rdTU-tNftv1bfqaiv_xUf83kWO7dlemCjYNXBAx0wLBoll83_SLq0VVy96K5W_FURb8RgMBRFwNJ4QL5eZ0oovFJopqvSYkZIhh6fF6WH2Dx9vCW-HoPf7uuysDpldoT1zZfEnPkItL00aGvtoXJliaOCPe7Qvm7MQcXua1dKAYoi1aR4DcAO68BDaq0tBDaig861DEyeHspspsMwqGFDp5Ukg4bUB6o4ufI2heGaNqd6UVvvd-cIT5UYtsQZH3PFFXNTIJMkoEHJjEEFu7x5IBRTwR2lSrq2edbhyagwLQ.bVfv58H-GthEEztpEcWO0fKe7AFNtPYa4SgEDTQMkuk&dib_tag=se&keywords=table&qid=1718609973&sr=8-286,https://m.media-amazon.com/images/I/718I3QEZIoL.__AC_SX300_SY300_QL70_ML2_.jpg,table
Electric Standing Desk Adjustable - 48 x 24 Inch Sit Stand up Desk with Cable Management - 3 Memory Preset Adjustable Height Desk Computer Home Office Desk,https://www.amazon.com/SIAGO-Electric-Standing-Desk-Adjustable/dp/B0CYZVFK28/ref=sr_1_288?dib=eyJ2IjoiMSJ9.rdTU-tNftv1bfqaiv_xUf83kWO7dlemCjYNXBAx0wLBoll83_SLq0VVy96K5W_FURb8RgMBRFwNJ4QL5eZ0oovFJopqvSYkZIhh6fF6WH2Dx9vCW-HoPf7uuysDpldoT1zZfEnPkItL00aGvtoXJliaOCPe7Qvm7MQcXua1dKAYoi1aR4DcAO68BDaq0tBDaig861DEyeHspspsMwqGFDp5Ukg4bUB6o4ufI2heGaNqd6UVvvd-cIT5UYtsQZH3PFFXNTIJMkoEHJjEEFu7x5IBRTwR2lSrq2edbhyagwLQ.bVfv58H-GthEEztpEcWO0fKe7AFNtPYa4SgEDTQMkuk&dib_tag=se&keywords=table&qid=1718609973&sr=8-288,https://m.media-amazon.com/images/I/71Q+AojHWkL._AC_SY300_SX300_.jpg,table
"OVICAR Metal Tray End Table, Round Accent Coffee Side Table, Anti-Rust and Waterproof Outdoor Small Side Table, Indoor Modern Sofa Side Table Bedside Table for Living Room Bedroom Balcony",https://www.amazon.com/Ovicar-Folding-Anti-Rust-Waterproof-Balcony/dp/B07ZF7ZM6K/ref=sr_1_289?dib=eyJ2IjoiMSJ9.gkiTzgWn5MbTDjOKTvh_6bkWfM_xjgZ7YAadobwhFxVNdSz3CefnQg-J7vLG8Ppmqy-ttiq3zGIriVnGeQPV7QvTsw5C2_aRbSFimlyc65SSGydJsGpkdptBteXGdwNsa5IISR15mCQsYuZIv3R7kgmPatdFGm7hqwrgKM0VnYMHPAmElThFs6jaKQYRo6ReQo1GJXhrJoBqTbssaF4FYcSWtvF_HA0WGjrubN_EId3DQ1VePDlqCA_b90OqXJAJgN-4rFKre8VRyk31xoRPtA.Q68uB4CpichYivPTxUU2mt72sxd4AOz_2lSIW_2Dnuw&dib_tag=se&keywords=table&qid=1718609975&sr=8-289,https://m.media-amazon.com/images/I/61CPg3uHIjL.__AC_SX300_SY300_QL70_ML2_.jpg,table
"Snughome Console Table with Power Outlets, Entryway Table with Storage, Narrow Sofa Table with 3 Tier Shelves, Console Tables for Entryway, Hallway Table, Entry Table for Living Room, Foyer, Grey",https://www.amazon.com/Snughome-Console-Outlets-Entryway-Storage/dp/B0CGZDLLKM/ref=sr_1_291?dib=eyJ2IjoiMSJ9.gkiTzgWn5MbTDjOKTvh_6bkWfM_xjgZ7YAadobwhFxVNdSz3CefnQg-J7vLG8Ppmqy-ttiq3zGIriVnGeQPV7QvTsw5C2_aRbSFimlyc65SSGydJsGpkdptBteXGdwNsa5IISR15mCQsYuZIv3R7kgmPatdFGm7hqwrgKM0VnYMHPAmElThFs6jaKQYRo6ReQo1GJXhrJoBqTbssaF4FYcSWtvF_HA0WGjrubN_EId3DQ1VePDlqCA_b90OqXJAJgN-4rFKre8VRyk31xoRPtA.Q68uB4CpichYivPTxUU2mt72sxd4AOz_2lSIW_2Dnuw&dib_tag=se&keywords=table&qid=1718609975&sr=8-291,https://m.media-amazon.com/images/I/71N4d4pUw8L.__AC_SX300_SY300_QL70_ML2_.jpg,table
Hanobe Small Side Coffee Table: End Table for Living Room Spaces - Wooden Table Bedside Home Boho Decor Rectangle Brown,https://www.amazon.com/Hanobe-Small-Side-Coffee-Table/dp/B0CWGLMG8Y/ref=sr_1_295?dib=eyJ2IjoiMSJ9.gkiTzgWn5MbTDjOKTvh_6bkWfM_xjgZ7YAadobwhFxVNdSz3CefnQg-J7vLG8Ppmqy-ttiq3zGIriVnGeQPV7QvTsw5C2_aRbSFimlyc65SSGydJsGpkdptBteXGdwNsa5IISR15mCQsYuZIv3R7kgmPatdFGm7hqwrgKM0VnYMHPAmElThFs6jaKQYRo6ReQo1GJXhrJoBqTbssaF4FYcSWtvF_HA0WGjrubN_EId3DQ1VePDlqCA_b90OqXJAJgN-4rFKre8VRyk31xoRPtA.Q68uB4CpichYivPTxUU2mt72sxd4AOz_2lSIW_2Dnuw&dib_tag=se&keywords=table&qid=1718609975&sr=8-295,https://m.media-amazon.com/images/I/61vfdoBZonL.__AC_SX300_SY300_QL70_ML2_.jpg,table
"Tangkula Nesting Table Set of 3, Rectangle Stacking Side End Table w/Wood Top & Metal Legs, Adjustable Foot Pads, C-Shaped Accent Coffee Tables for Small Spaces, Living Room (C-Shaped, Gray, 3-pc)",https://www.amazon.com/Tangkula-Rectangle-Stacking-Adjustable-C-Shaped/dp/B0CNW3P4GD/ref=sr_1_296?dib=eyJ2IjoiMSJ9.gkiTzgWn5MbTDjOKTvh_6bkWfM_xjgZ7YAadobwhFxVNdSz3CefnQg-J7vLG8Ppmqy-ttiq3zGIriVnGeQPV7QvTsw5C2_aRbSFimlyc65SSGydJsGpkdptBteXGdwNsa5IISR15mCQsYuZIv3R7kgmPatdFGm7hqwrgKM0VnYMHPAmElThFs6jaKQYRo6ReQo1GJXhrJoBqTbssaF4FYcSWtvF_HA0WGjrubN_EId3DQ1VePDlqCA_b90OqXJAJgN-4rFKre8VRyk31xoRPtA.Q68uB4CpichYivPTxUU2mt72sxd4AOz_2lSIW_2Dnuw&dib_tag=se&keywords=table&qid=1718609975&sr=8-296,https://m.media-amazon.com/images/I/61IDo9kHmbL.__AC_SX300_SY300_QL70_ML2_.jpg,table
"34"" Fold in Half Square Folding Table, Plastic Square Card Table with Resin Top Game Table for Puzzles Crafting Fold in Half Camping Table Utility use for Indoor Outdoor Picnic Dining Party",https://www.amazon.com/SOLUTIONS-Square-Folding-Plastic-White/dp/B09BTTVTCQ/ref=sr_1_297?dib=eyJ2IjoiMSJ9.gkiTzgWn5MbTDjOKTvh_6bkWfM_xjgZ7YAadobwhFxVNdSz3CefnQg-J7vLG8Ppmqy-ttiq3zGIriVnGeQPV7QvTsw5C2_aRbSFimlyc65SSGydJsGpkdptBteXGdwNsa5IISR15mCQsYuZIv3R7kgmPatdFGm7hqwrgKM0VnYMHPAmElThFs6jaKQYRo6ReQo1GJXhrJoBqTbssaF4FYcSWtvF_HA0WGjrubN_EId3DQ1VePDlqCA_b90OqXJAJgN-4rFKre8VRyk31xoRPtA.Q68uB4CpichYivPTxUU2mt72sxd4AOz_2lSIW_2Dnuw&dib_tag=se&keywords=table&qid=1718609975&sr=8-297,https://m.media-amazon.com/images/I/71y2700fUJL.__AC_SX300_SY300_QL70_ML2_.jpg,table
"Plastic Adjustable Height Fold-in-Half Folding Table, 40"" L x 20"" W",https://www.amazon.com/FDMASK-Plastic-Adjustable-Height-Folding/dp/B0BBM5SF4X/ref=sr_1_299?dib=eyJ2IjoiMSJ9.gkiTzgWn5MbTDjOKTvh_6bkWfM_xjgZ7YAadobwhFxVNdSz3CefnQg-J7vLG8Ppmqy-ttiq3zGIriVnGeQPV7QvTsw5C2_aRbSFimlyc65SSGydJsGpkdptBteXGdwNsa5IISR15mCQsYuZIv3R7kgmPatdFGm7hqwrgKM0VnYMHPAmElThFs6jaKQYRo6ReQo1GJXhrJoBqTbssaF4FYcSWtvF_HA0WGjrubN_EId3DQ1VePDlqCA_b90OqXJAJgN-4rFKre8VRyk31xoRPtA.Q68uB4CpichYivPTxUU2mt72sxd4AOz_2lSIW_2Dnuw&dib_tag=se&keywords=table&qid=1718609975&sr=8-299,https://m.media-amazon.com/images/I/51f+0ImVRaL._AC_SY300_SX300_.jpg,table
"32 Inch Computer Desk,Small Home Office Study Desk for Bedroom Laptop Table Workstation Dining Gaming Table for Home Office,Vintage…",https://www.amazon.com/HUAXIN-LUCKY-Computer-Bedroom-Workstation/dp/B0CN9MFBC6/ref=sr_1_301?dib=eyJ2IjoiMSJ9.gkiTzgWn5MbTDjOKTvh_6bkWfM_xjgZ7YAadobwhFxVNdSz3CefnQg-J7vLG8Ppmqy-ttiq3zGIriVnGeQPV7QvTsw5C2_aRbSFimlyc65SSGydJsGpkdptBteXGdwNsa5IISR15mCQsYuZIv3R7kgmPatdFGm7hqwrgKM0VnYMHPAmElThFs6jaKQYRo6ReQo1GJXhrJoBqTbssaF4FYcSWtvF_HA0WGjrubN_EId3DQ1VePDlqCA_b90OqXJAJgN-4rFKre8VRyk31xoRPtA.Q68uB4CpichYivPTxUU2mt72sxd4AOz_2lSIW_2Dnuw&dib_tag=se&keywords=table&qid=1718609975&sr=8-301,https://m.media-amazon.com/images/I/61fftY6uxcL.__AC_SX300_SY300_QL70_ML2_.jpg,table
"FDW 6FT Folding Picnic Table for Outdoor, Portable Fold-in-Half Plastic Dining Picnic Party Table with Carrying Handle",https://www.amazon.com/FDW-6FT-Folding-Picnic-Table/dp/B0CYZ8664X/ref=sr_1_303?dib=eyJ2IjoiMSJ9.gkiTzgWn5MbTDjOKTvh_6bkWfM_xjgZ7YAadobwhFxVNdSz3CefnQg-J7vLG8Ppmqy-ttiq3zGIriVnGeQPV7QvTsw5C2_aRbSFimlyc65SSGydJsGpkdptBteXGdwNsa5IISR15mCQsYuZIv3R7kgmPatdFGm7hqwrgKM0VnYMHPAmElThFs6jaKQYRo6ReQo1GJXhrJoBqTbssaF4FYcSWtvF_HA0WGjrubN_EId3DQ1VePDlqCA_b90OqXJAJgN-4rFKre8VRyk31xoRPtA.Q68uB4CpichYivPTxUU2mt72sxd4AOz_2lSIW_2Dnuw&dib_tag=se&keywords=table&qid=1718609975&sr=8-303,https://m.media-amazon.com/images/I/61KykTpPnZL.__AC_SX300_SY300_QL70_ML2_.jpg,table
"SAYGOER Black Coffee Table Small Square Coffee Tables Simple Modern Center Table for Living Room Home Office 27.6 * 27.6 * 15.7Inch, Easy Assembly, Black Faux Marble",https://www.amazon.com/SAYGOER-Coffee-Modern-Marble-Square/dp/B092C6QHQT/ref=sr_1_304?dib=eyJ2IjoiMSJ9.gkiTzgWn5MbTDjOKTvh_6bkWfM_xjgZ7YAadobwhFxVNdSz3CefnQg-J7vLG8Ppmqy-ttiq3zGIriVnGeQPV7QvTsw5C2_aRbSFimlyc65SSGydJsGpkdptBteXGdwNsa5IISR15mCQsYuZIv3R7kgmPatdFGm7hqwrgKM0VnYMHPAmElThFs6jaKQYRo6ReQo1GJXhrJoBqTbssaF4FYcSWtvF_HA0WGjrubN_EId3DQ1VePDlqCA_b90OqXJAJgN-4rFKre8VRyk31xoRPtA.Q68uB4CpichYivPTxUU2mt72sxd4AOz_2lSIW_2Dnuw&dib_tag=se&keywords=table&qid=1718609975&sr=8-304,https://m.media-amazon.com/images/I/914yklcZg3L.__AC_SX300_SY300_QL70_ML2_.jpg,table
"C Shaped Side Table, End Table for Couch - Sofa Snack Table with Metal Frame for Bedroom, Living Room & Small Spaces, Walnut & Black",https://www.amazon.com/Rerii-Shaped-Bedroom-Living-Spaces/dp/B0CDP99X3W/ref=sr_1_305?dib=eyJ2IjoiMSJ9.gkiTzgWn5MbTDjOKTvh_6bkWfM_xjgZ7YAadobwhFxVNdSz3CefnQg-J7vLG8Ppmqy-ttiq3zGIriVnGeQPV7QvTsw5C2_aRbSFimlyc65SSGydJsGpkdptBteXGdwNsa5IISR15mCQsYuZIv3R7kgmPatdFGm7hqwrgKM0VnYMHPAmElThFs6jaKQYRo6ReQo1GJXhrJoBqTbssaF4FYcSWtvF_HA0WGjrubN_EId3DQ1VePDlqCA_b90OqXJAJgN-4rFKre8VRyk31xoRPtA.Q68uB4CpichYivPTxUU2mt72sxd4AOz_2lSIW_2Dnuw&dib_tag=se&keywords=table&qid=1718609975&sr=8-305,https://m.media-amazon.com/images/I/41vtK5HLXTL.__AC_SX300_SY300_QL70_ML2_.jpg,table
"6FT Folding Table Heavy Duty Plastic Foldable Table Banquet Table Fold-in-Half Utility Table for Working Meeting Parties, Picnic, Camping, Weddings, Catering, Garden Dining-White",https://www.amazon.com/Folding-Table-Foldable-Weddings-Dining-White/dp/B0CZKSZ8R7/ref=sr_1_306?dib=eyJ2IjoiMSJ9.gkiTzgWn5MbTDjOKTvh_6bkWfM_xjgZ7YAadobwhFxVNdSz3CefnQg-J7vLG8Ppmqy-ttiq3zGIriVnGeQPV7QvTsw5C2_aRbSFimlyc65SSGydJsGpkdptBteXGdwNsa5IISR15mCQsYuZIv3R7kgmPatdFGm7hqwrgKM0VnYMHPAmElThFs6jaKQYRo6ReQo1GJXhrJoBqTbssaF4FYcSWtvF_HA0WGjrubN_EId3DQ1VePDlqCA_b90OqXJAJgN-4rFKre8VRyk31xoRPtA.Q68uB4CpichYivPTxUU2mt72sxd4AOz_2lSIW_2Dnuw&dib_tag=se&keywords=table&qid=1718609975&sr=8-306,https://m.media-amazon.com/images/I/61EYB6iV1DL.__AC_SX300_SY300_QL70_ML2_.jpg,table
